
************ Fit covar results *************
		 [ i*ndim + j ] 
0.000691599 1 0 0
-9.67105e-05 -0.0236203 0 1
-0.000107961 -0.176198 0 2
-0.00889096 -0.624191 0 3
0.0177356 0.808222 0 4
0 0 0 5
-6.55939e-05 -0.254967 0 6
-9.67105e-05 -0.0236203 1 0
0.0242394 1 1 1
0.00287024 0.791256 1 2
-0.010606 -0.125773 1 3
-0.0218848 -0.168458 1 4
0 0 1 5
0.000255462 0.167731 1 6
-0.000107961 -0.176198 2 0
0.00287024 0.791256 2 1
0.000542851 1 2 2
-0.00311539 -0.24687 2 3
-0.00333753 -0.17167 2 4
0 0 2 5
-3.73364e-05 -0.16381 2 6
-0.00889096 -0.624191 3 0
-0.010606 -0.125773 3 1
-0.00311539 -0.24687 3 2
0.293365 1 3 3
-0.396192 -0.876621 3 4
0 0 3 5
-0.00036318 -0.0685434 3 6
0.0177356 0.808222 4 0
-0.0218848 -0.168458 4 1
-0.00333753 -0.17167 4 2
-0.396192 -0.876621 4 3
0.696272 1 4 4
0 0 4 5
-0.000147881 -0.0181164 4 6
0 0 5 0
0 0 5 1
0 0 5 2
0 0 5 3
0 0 5 4
0 0 5 5
0 0 5 6
-6.55939e-05 -0.254967 6 0
0.000255462 0.167731 6 1
-3.73364e-05 -0.16381 6 2
-0.00036318 -0.0685434 6 3
-0.000147881 -0.0181164 6 4
0 0 6 5
9.56985e-05 1 6 6
**********************************************
