
************ Fit covar results *************
		 [ i*ndim + j ] 
0.000690041 1 0 0
-9.98437e-05 -0.0242884 0 1
-0.000108029 -0.176553 0 2
-0.00888191 -0.623657 0 3
0.0177228 0.807758 0 4
0 0 0 5
-6.5407e-05 -0.254547 0 6
-9.98437e-05 -0.0242884 1 0
0.0244889 1 1 1
0.00288432 0.791279 1 2
-0.0105904 -0.124826 1 3
-0.0221834 -0.169719 1 4
0 0 1 5
0.00025652 0.167579 1 6
-0.000108029 -0.176553 2 0
0.00288432 0.791279 2 1
0.000542573 1 2 2
-0.00311535 -0.246692 2 3
-0.00334293 -0.171824 2 4
0 0 2 5
-3.74247e-05 -0.164252 2 6
-0.00888191 -0.623657 3 0
-0.0105904 -0.124826 3 1
-0.00311535 -0.246692 3 2
0.293932 1 3 3
-0.39699 -0.876683 3 4
0 0 3 5
-0.000363059 -0.0684597 3 6
0.0177228 0.807758 4 0
-0.0221834 -0.169719 4 1
-0.00334293 -0.171824 4 2
-0.39699 -0.876683 4 3
0.697636 1 4 4
0 0 4 5
-0.000148238 -0.0181437 4 6
0 0 5 0
0 0 5 1
0 0 5 2
0 0 5 3
0 0 5 4
0 0 5 5
0 0 5 6
-6.5407e-05 -0.254547 6 0
0.00025652 0.167579 6 1
-3.74247e-05 -0.164252 6 2
-0.000363059 -0.0684597 6 3
-0.000148238 -0.0181437 6 4
0 0 6 5
9.56836e-05 1 6 6
**********************************************
