
************ Fit covar results *************
		 [ i*ndim + j ] 
0.000265554 1 0 0
0.000405905 0.0816242 0 1
-4.1349e-05 -0.0492765 0 2
0.0015697 0.183889 0 3
0 0 0 4
-7.1875e-05 -0.413452 0 5
0.000405905 0.0816242 1 0
0.0931232 1 1 1
0.014829 0.943704 1 2
-0.1415 -0.885208 1 3
0 0 1 4
-1.50498e-06 -0.000462301 1 5
-4.1349e-05 -0.0492765 2 0
0.014829 0.943704 2 1
0.00265152 1 2 2
-0.025857 -0.958621 2 3
0 0 2 4
-9.73824e-05 -0.177279 2 5
0.0015697 0.183889 3 0
-0.1415 -0.885208 3 1
-0.025857 -0.958621 3 2
0.274388 1 3 3
0 0 3 4
-1.18187e-05 -0.00211501 3 5
0 0 4 0
0 0 4 1
0 0 4 2
0 0 4 3
0 0 4 4
0 0 4 5
-7.1875e-05 -0.413452 5 0
-1.50498e-06 -0.000462301 5 1
-9.73824e-05 -0.177279 5 2
-1.18187e-05 -0.00211501 5 3
0 0 5 4
0.000113803 1 5 5
**********************************************
