0.2 2.8 1.14696 0.959447
0.21 2.94 1.14707 0.956228
0.22 3.08 1.14712 0.952983
0.23 3.22 1.14714 0.949722
0.24 3.36 1.14711 0.946453
0.25 3.5 1.14704 0.943178
0.26 3.64 1.14696 0.939906
0.27 3.78 1.14685 0.936644
0.28 3.92 1.14673 0.933398
0.29 4.06 1.14661 0.930174
0.3 4.2 1.1465 0.92698
0.31 4.34 1.14639 0.923819
0.32 4.48 1.1463 0.920698
0.33 4.62 1.14623 0.917621
0.34 4.76 1.14619 0.914593
0.35 4.9 1.14618 0.91162
0.36 5.04 1.14621 0.908702
0.37 5.18 1.14629 0.905845
0.38 5.32 1.1464 0.903052
0.39 5.46 1.14656 0.900323
0.4 5.6 1.14678 0.897662
0.41 5.74 1.14704 0.89507
0.42 5.88 1.14736 0.892548
0.43 6.02 1.14773 0.890097
0.44 6.16 1.14816 0.887717
0.45 6.3 1.14864 0.885407
0.46 6.44 1.14917 0.883168
0.47 6.58 1.14975 0.880999
0.48 6.72 1.15038 0.878897
0.49 6.86 1.15106 0.876863
0.5 7 1.15178 0.874893
0.51 7.14 1.15254 0.872986
0.52 7.28 1.15334 0.871139
0.53 7.42 1.15417 0.86935
0.54 7.56 1.15502 0.867617
0.55 7.7 1.1559 0.865936
0.56 7.84 1.1568 0.864305
0.57 7.98 1.15771 0.862722
0.58 8.12 1.15863 0.861185
0.59 8.26 1.15955 0.859691
0.6 8.4 1.16047 0.858241
0.61 8.54 1.1614 0.856835
0.62 8.68 1.16231 0.855472
0.63 8.82 1.16323 0.854157
0.64 8.96 1.16415 0.852893
0.65 9.1 1.16507 0.851688
0.66 9.24 1.16601 0.850551
0.67 9.38 1.16697 0.849496
0.68 9.52 1.16799 0.848541
0.69 9.66 1.16907 0.847708
0.7 9.8 1.17027 0.847027
0.71 9.94 1.17161 0.846535
0.72 10.08 1.17316 0.84628
0.73 10.22 1.175 0.846321
0.74 10.36 1.1772 0.846729
0.75 10.5 1.17989 0.847597
0.76 10.64 1.1832 0.849037
0.77 10.78 1.18732 0.851189
0.78 10.92 1.19246 0.854228
0.79 11.06 1.19891 0.858371
0.8 11.2 1.20702 0.863892
0.81 11.34 1.21723 0.871139
0.82 11.48 1.23011 0.880553
0.83 11.62 1.24641 0.892708
0.84 11.76 1.26709 0.908348
0.85 11.9 1.29343 0.928467
0.86 12.04 1.32718 0.954403
0.87 12.18 1.37071 0.988004
0.88 12.32 1.42741 1.03188
0.89 12.46 1.50218 1.08981
