
************ Fit covar results *************
		 [ i*ndim + j ] 
0.000411061 1 0 0
0.000568798 0.182774 0 1
-9.63202e-06 -0.0203897 0 2
0.0107053 0.671004 0 3
-0.0134748 -0.566755 0 4
0 0 0 5
-5.95952e-05 -0.300968 0 6
0.000568798 0.182774 1 0
0.0235604 1 1 1
0.0028154 0.787216 1 2
-0.0199325 -0.165025 1 3
-0.0305256 -0.16959 1 4
0 0 1 5
0.000262507 0.17511 1 6
-9.63202e-06 -0.0203897 2 0
0.0028154 0.787216 2 1
0.000542886 1 2 2
-0.00464879 -0.253552 2 3
-0.00618758 -0.226461 2 4
0 0 2 5
-3.52529e-05 -0.154918 2 6
0.0107053 0.671004 3 0
-0.0199325 -0.165025 3 1
-0.00464879 -0.253552 3 2
0.61921 1 3 3
-0.773975 -0.838755 3 4
0 0 3 5
-0.000342178 -0.0445242 3 6
-0.0134748 -0.566755 4 0
-0.0305256 -0.16959 4 1
-0.00618758 -0.226461 4 2
-0.773975 -0.838755 4 3
1.37514 1 4 4
0 0 4 5
-0.000709828 -0.0619787 4 6
0 0 5 0
0 0 5 1
0 0 5 2
0 0 5 3
0 0 5 4
0 0 5 5
0 0 5 6
-5.95952e-05 -0.300968 6 0
0.000262507 0.17511 6 1
-3.52529e-05 -0.154918 6 2
-0.000342178 -0.0445242 6 3
-0.000709828 -0.0619787 6 4
0 0 6 5
9.53838e-05 1 6 6
**********************************************
