
************ Fit covar results *************
		 [ i*ndim + j ] 
0.000480802 1 0 0
-0.00307912 -0.535094 0 1
-0.00069293 -0.634709 0 2
0.00339436 0.748178 0 3
0 0 0 4
-7.60426e-05 -0.32519 0 5
-0.00307912 -0.535094 1 0
0.0688694 1 1 1
0.0124171 0.950334 1 2
-0.0479284 -0.882693 1 3
0 0 1 4
-1.53499e-06 -0.000548473 1 5
-0.00069293 -0.634709 2 0
0.0124171 0.950334 2 1
0.00247893 1 2 2
-0.00980283 -0.951588 2 3
0 0 2 4
-9.17721e-05 -0.172839 2 5
0.00339436 0.748178 3 0
-0.0479284 -0.882693 3 1
-0.00980283 -0.951588 3 2
0.0428096 1 3 3
0 0 3 4
-1.54799e-05 -0.00701556 3 5
0 0 4 0
0 0 4 1
0 0 4 2
0 0 4 3
0 0 4 4
0 0 4 5
-7.60426e-05 -0.32519 5 0
-1.53499e-06 -0.000548473 5 1
-9.17721e-05 -0.172839 5 2
-1.54799e-05 -0.00701556 5 3
0 0 5 4
0.000113729 1 5 5
**********************************************
