0.2 2.8 1.10728 0.960945
0.21 2.94 1.10816 0.957551
0.22 3.08 1.10892 0.954102
0.23 3.22 1.10957 0.950611
0.24 3.36 1.11013 0.947094
0.25 3.5 1.1106 0.943562
0.26 3.64 1.111 0.940029
0.27 3.78 1.11135 0.936506
0.28 3.92 1.11166 0.933003
0.29 4.06 1.11193 0.929532
0.3 4.2 1.11218 0.926101
0.31 4.34 1.11242 0.92272
0.32 4.48 1.11265 0.919396
0.33 4.62 1.11288 0.916136
0.34 4.76 1.11312 0.912946
0.35 4.9 1.11338 0.909834
0.36 5.04 1.11367 0.906802
0.37 5.18 1.11398 0.903857
0.38 5.32 1.11432 0.901001
0.39 5.46 1.1147 0.898237
0.4 5.6 1.11512 0.895569
0.41 5.74 1.11558 0.892997
0.42 5.88 1.11608 0.890523
0.43 6.02 1.11662 0.888148
0.44 6.16 1.11721 0.885871
0.45 6.3 1.11784 0.883692
0.46 6.44 1.11852 0.881609
0.47 6.58 1.11923 0.879622
0.48 6.72 1.11998 0.877728
0.49 6.86 1.12076 0.875924
0.5 7 1.12157 0.874206
0.51 7.14 1.12241 0.872572
0.52 7.28 1.12326 0.871017
0.53 7.42 1.12413 0.869537
0.54 7.56 1.125 0.868126
0.55 7.7 1.12587 0.86678
0.56 7.84 1.12673 0.865493
0.57 7.98 1.12758 0.864259
0.58 8.12 1.1284 0.863074
0.59 8.26 1.12919 0.861931
0.6 8.4 1.12994 0.860825
0.61 8.54 1.13064 0.859751
0.62 8.68 1.13129 0.858706
0.63 8.82 1.13189 0.857686
0.64 8.96 1.13242 0.856689
0.65 9.1 1.13288 0.855714
0.66 9.24 1.13328 0.854764
0.67 9.38 1.13363 0.853842
0.68 9.52 1.13392 0.852956
0.69 9.66 1.13417 0.852117
0.7 9.8 1.13441 0.851343
0.71 9.94 1.13465 0.850656
0.72 10.08 1.13495 0.850087
0.73 10.22 1.13534 0.849675
0.74 10.36 1.13589 0.849471
0.75 10.5 1.13668 0.849542
0.76 10.64 1.13782 0.849971
0.77 10.78 1.13945 0.850862
0.78 10.92 1.14172 0.852347
0.79 11.06 1.14485 0.854594
0.8 11.2 1.14911 0.857814
0.81 11.34 1.15485 0.862278
0.82 11.48 1.1625 0.868328
0.83 11.62 1.17262 0.876412
0.84 11.76 1.18596 0.887111
0.85 11.9 1.2035 0.901198
0.86 12.04 1.22655 0.919712
0.87 12.18 1.25694 0.944084
0.88 12.32 1.2972 0.976322
0.89 12.46 1.35102 1.01933
