
************ Fit covar results *************
		 [ i*ndim + j ] 
0.000378219 1 0 0
-0.000321133 -0.124165 0 1
-0.000137184 -0.30344 0 2
0.0044747 0.56842 0 3
-0.00415044 -0.335458 0 4
0 0 0 5
-7.40901e-05 -0.389527 0 6
-0.000321133 -0.124165 1 0
0.0176858 1 1 1
0.00251337 0.812991 1 2
-0.00884997 -0.164402 1 3
-0.0084761 -0.100184 1 4
0 0 1 5
0.000207676 0.15967 1 6
-0.000137184 -0.30344 2 0
0.00251337 0.812991 2 1
0.0005404 1 2 2
-0.0013889 -0.147602 2 3
-0.00323052 -0.218439 2 4
0 0 2 5
-3.63561e-05 -0.159908 2 6
0.0044747 0.56842 3 0
-0.00884997 -0.164402 3 1
-0.0013889 -0.147602 3 2
0.16385 1 3 3
-0.232415 -0.902519 3 4
0 0 3 5
-0.000103885 -0.026241 3 6
-0.00415044 -0.335458 4 0
-0.0084761 -0.100184 4 1
-0.00323052 -0.218439 4 2
-0.232415 -0.902519 4 3
0.404733 1 4 4
0 0 4 5
-0.000330355 -0.053094 4 6
0 0 5 0
0 0 5 1
0 0 5 2
0 0 5 3
0 0 5 4
0 0 5 5
0 0 5 6
-7.40901e-05 -0.389527 6 0
0.000207676 0.15967 6 1
-3.63561e-05 -0.159908 6 2
-0.000103885 -0.026241 6 3
-0.000330355 -0.053094 6 4
0 0 6 5
9.56535e-05 1 6 6
**********************************************
