
************ Fit covar results *************
		 [ i*ndim + j ] 
0.000511579 1 0 0
-0.000657918 -0.216356 0 1
-0.000178804 -0.34197 0 2
-0.00266128 -0.413589 0 3
0.00674112 0.642292 0 4
0 0 0 5
-7.62359e-05 -0.343776 0 6
-0.000657918 -0.216356 1 0
0.0180756 1 1 1
0.00253126 0.814439 1 2
-0.00266205 -0.0695993 1 3
-0.0103284 -0.165556 1 4
0 0 1 5
0.000202658 0.153741 1 6
-0.000178804 -0.34197 2 0
0.00253126 0.814439 2 1
0.000534396 1 2 2
-0.0015918 -0.242043 2 3
-0.000851367 -0.0793674 2 4
0 0 2 5
-3.80152e-05 -0.167725 2 6
-0.00266128 -0.413589 3 0
-0.00266205 -0.0695993 3 1
-0.0015918 -0.242043 3 2
0.0809341 1 3 3
-0.121978 -0.924003 3 4
0 0 3 5
-0.000165809 -0.059445 3 6
0.00674112 0.642292 4 0
-0.0103284 -0.165556 4 1
-0.000851367 -0.0793674 4 2
-0.121978 -0.924003 4 3
0.215321 1 4 4
0 0 4 5
-1.24634e-05 -0.00273946 4 6
0 0 5 0
0 0 5 1
0 0 5 2
0 0 5 3
0 0 5 4
0 0 5 5
0 0 5 6
-7.62359e-05 -0.343776 6 0
0.000202658 0.153741 6 1
-3.80152e-05 -0.167725 6 2
-0.000165809 -0.059445 6 3
-1.24634e-05 -0.00273946 6 4
0 0 6 5
9.61292e-05 1 6 6
**********************************************
