
************ Fit covar results *************
		 [ i*ndim + j ] 
0.000354908 1 0 0
0.00234257 0.619602 0 1
0.000185287 0.403235 0 2
-0.000703388 -0.178594 0 3
-1.22178e-05 -0.109074 0 4
-6.05386e-05 -0.326263 0 5
0.00234257 0.619602 1 0
0.0402758 1 1 1
0.00402679 0.82264 1 2
-0.0295749 -0.704906 1 3
0.000538361 0.451167 1 4
-0.00012112 -0.0612754 1 5
0.000185287 0.403235 2 0
0.00402679 0.82264 2 1
0.000594915 1 2 2
-0.00437879 -0.858729 2 3
4.11327e-05 0.283626 2 4
-0.000108704 -0.452491 2 5
-0.000703388 -0.178594 3 0
-0.0295749 -0.704906 3 1
-0.00437879 -0.858729 3 2
0.043706 1 3 3
-0.000791309 -0.636592 3 4
0.000187929 0.0912677 3 5
-1.22178e-05 -0.109074 4 0
0.000538361 0.451167 4 1
4.11327e-05 0.283626 4 2
-0.000791309 -0.636592 4 3
3.53532e-05 1 4 4
3.57968e-05 0.611256 4 5
-6.05386e-05 -0.326263 5 0
-0.00012112 -0.0612754 5 1
-0.000108704 -0.452491 5 2
0.000187929 0.0912677 5 3
3.57968e-05 0.611256 5 4
9.70095e-05 1 5 5
**********************************************
