
************ Fit covar results *************
		 [ i*ndim + j ] 
0.000208554 1 0 0
0.000902963 0.176705 0 1
0.000196473 0.176145 0 2
0.0035864 0.580534 0 3
-0.0119822 -0.308037 0 4
-5.02595e-05 -0.528414 0 5
-6.02903e-05 -0.416839 0 6
0.000902963 0.176705 1 0
0.125206 1 1 1
0.0266928 0.976692 1 2
0.0706691 0.466871 1 3
-0.863779 -0.906289 1 4
0.00104124 0.446789 1 5
-0.000621981 -0.175507 1 6
0.000196473 0.176145 2 0
0.0266928 0.976692 2 1
0.00596552 1 2 2
0.015969 0.483318 2 3
-0.196944 -0.946661 2 4
0.00020357 0.40018 2 5
-0.000221404 -0.286213 2 6
0.0035864 0.580534 3 0
0.0706691 0.466871 3 1
0.015969 0.483318 3 2
0.182996 1 3 3
-0.815029 -0.707339 3 4
-0.000635509 -0.225562 3 5
-0.000146334 -0.0341548 3 6
-0.0119822 -0.308037 4 0
-0.863779 -0.906289 4 1
-0.196944 -0.946661 4 2
-0.815029 -0.707339 4 3
7.25519 1 4 4
-0.00529133 -0.298267 4 5
0.00519615 0.192613 4 6
-5.02595e-05 -0.528414 5 0
0.00104124 0.446789 5 1
0.00020357 0.40018 5 2
-0.000635509 -0.225562 5 3
-0.00529133 -0.298267 5 4
4.33779e-05 1 5 5
3.13553e-05 0.475342 5 6
-6.02903e-05 -0.416839 6 0
-0.000621981 -0.175507 6 1
-0.000221404 -0.286213 6 2
-0.000146334 -0.0341548 6 3
0.00519615 0.192613 6 4
3.13553e-05 0.475342 6 5
0.000100309 1 6 6
**********************************************
