
************ Fit covar results *************
		 [ i*ndim + j ] 
0.00376532 1 0 0
2.07251e-05 0.000976811 0 1
-0.000650844 -0.190296 0 2
-0.0230271 -0.627532 0 3
0.0453204 0.806237 0 4
-8.02254e-05 -0.134597 0 5
0 0 0 6
2.07251e-05 0.000976811 1 0
0.119555 1 1 1
0.014573 0.75617 1 2
-0.0223365 -0.108026 1 3
-0.0500964 -0.158158 1 4
0.000603971 0.179828 1 5
0 0 1 6
-0.000650844 -0.190296 2 0
0.014573 0.75617 2 1
0.00310665 1 2 2
-0.00858535 -0.257578 2 3
-0.00617517 -0.120941 2 4
-0.000116593 -0.215353 2 5
0 0 2 6
-0.0230271 -0.627532 3 0
-0.0223365 -0.108026 3 1
-0.00858535 -0.257578 3 2
0.357606 1 3 3
-0.488072 -0.890946 3 4
-0.000381724 -0.0657162 3 5
0 0 3 6
0.0453204 0.806237 4 0
-0.0500964 -0.158158 4 1
-0.00617517 -0.120941 4 2
-0.488072 -0.890946 4 3
0.839191 1 4 4
-0.00018998 -0.0213502 4 5
0 0 4 6
-8.02254e-05 -0.134597 5 0
0.000603971 0.179828 5 1
-0.000116593 -0.215353 5 2
-0.000381724 -0.0657162 5 3
-0.00018998 -0.0213502 5 4
9.43516e-05 1 5 5
0 0 5 6
0 0 6 0
0 0 6 1
0 0 6 2
0 0 6 3
0 0 6 4
0 0 6 5
0 0 6 6
**********************************************
