0.2 2.8 1.06982 0.886421
0.21 2.94 1.07035 0.88227
0.22 3.08 1.0708 0.878119
0.23 3.22 1.07116 0.873981
0.24 3.36 1.07146 0.86987
0.25 3.5 1.0717 0.865799
0.26 3.64 1.0719 0.861779
0.27 3.78 1.07207 0.857822
0.28 3.92 1.07223 0.853937
0.29 4.06 1.07238 0.850136
0.3 4.2 1.07252 0.846426
0.31 4.34 1.07269 0.842815
0.32 4.48 1.07287 0.839311
0.33 4.62 1.07307 0.83592
0.34 4.76 1.07332 0.832649
0.35 4.9 1.0736 0.829502
0.36 5.04 1.07393 0.826485
0.37 5.18 1.07431 0.823601
0.38 5.32 1.07475 0.820853
0.39 5.46 1.07524 0.818245
0.4 5.6 1.0758 0.815777
0.41 5.74 1.07642 0.813453
0.42 5.88 1.0771 0.811271
0.43 6.02 1.07785 0.809234
0.44 6.16 1.07867 0.807341
0.45 6.3 1.07954 0.805591
0.46 6.44 1.08049 0.803982
0.47 6.58 1.08149 0.802514
0.48 6.72 1.08255 0.801184
0.49 6.86 1.08366 0.799988
0.5 7 1.08482 0.798924
0.51 7.14 1.08603 0.797988
0.52 7.28 1.08727 0.797176
0.53 7.42 1.08855 0.796483
0.54 7.56 1.08986 0.795904
0.55 7.7 1.09118 0.795435
0.56 7.84 1.09252 0.795069
0.57 7.98 1.09385 0.794801
0.58 8.12 1.09519 0.794624
0.59 8.26 1.09651 0.794534
0.6 8.4 1.09781 0.794524
0.61 8.54 1.09908 0.794589
0.62 8.68 1.10031 0.794724
0.63 8.82 1.10151 0.794925
0.64 8.96 1.10265 0.79519
0.65 9.1 1.10375 0.795515
0.66 9.24 1.1048 0.795901
0.67 9.38 1.10581 0.796352
0.68 9.52 1.10677 0.796871
0.69 9.66 1.10771 0.797469
0.7 9.8 1.10864 0.79816
0.71 9.94 1.10959 0.798963
0.72 10.08 1.11059 0.799905
0.73 10.22 1.1117 0.801023
0.74 10.36 1.11296 0.802361
0.75 10.5 1.11447 0.803982
0.76 10.64 1.11632 0.805963
0.77 10.78 1.11864 0.808401
0.78 10.92 1.1216 0.811422
0.79 11.06 1.1254 0.815186
0.8 11.2 1.13032 0.819893
0.81 11.34 1.13668 0.825804
0.82 11.48 1.14491 0.833251
0.83 11.62 1.15559 0.842666
0.84 11.76 1.16943 0.854613
0.85 11.9 1.1874 0.869846
0.86 12.04 1.21081 0.889379
0.87 12.18 1.24146 0.91461
0.88 12.32 1.28186 0.947505
0.89 12.46 1.33566 0.990913
