
************ Fit covar results *************
		 [ i*ndim + j ] 
0.00154875 1 0 0
0.00383273 0.412289 0 1
0.000596888 0.517655 0 2
-0.0359081 -0.894933 0 3
0.0495648 0.923866 0 4
0.000211816 0.618702 0 5
-0.000175037 -0.424495 0 6
0.00383273 0.412289 1 0
0.0557999 1 1 1
0.00585202 0.845528 1 2
-0.104758 -0.434972 1 3
0.0958879 0.297765 1 4
0.00105174 0.511805 1 5
-0.000361644 -0.146116 1 6
0.000596888 0.517655 2 0
0.00585202 0.845528 2 1
0.000858465 1 2 2
-0.0196251 -0.656961 2 3
0.0203412 0.509261 2 4
0.000143733 0.563909 2 5
-0.000154462 -0.503145 2 6
-0.0359081 -0.894933 3 0
-0.104758 -0.434972 3 1
-0.0196251 -0.656961 3 2
1.0395 1 3 3
-1.35735 -0.976578 3 4
-0.00728874 -0.821778 3 5
0.00372575 0.348767 3 6
0.0495648 0.923866 4 0
0.0958879 0.297765 4 1
0.0203412 0.509261 4 2
-1.35735 -0.976578 4 3
1.85843 1 4 4
0.00885712 0.746849 4 5
-0.00487582 -0.341356 4 6
0.000211816 0.618702 5 0
0.00105174 0.511805 5 1
0.000143733 0.563909 5 2
-0.00728874 -0.821778 5 3
0.00885712 0.746849 5 4
7.56785e-05 1 5 5
1.15695e-05 0.12693 5 6
-0.000175037 -0.424495 6 0
-0.000361644 -0.146116 6 1
-0.000154462 -0.503145 6 2
0.00372575 0.348767 6 3
-0.00487582 -0.341356 6 4
1.15695e-05 0.12693 6 5
0.000109783 1 6 6
**********************************************
