0.2 2.8 1.06802 0.959991 1.06402 0.96316 1.03668 0.929947 1.02991 0.930047 0.949267 0.859358 0.917961 0.829354 0.582335 0.538143 0.5513 0.5084 0.158767 0.15201 0.129094 0.12358 0.0558505 0.0536149 0.0292625 0.0282465 0.0461866 0.0440429 0.021247 0.0203203 0.0208372 0.0195851 0.00573474 0.00537892 0.00553114 0.00514326 0.000876184 0.000810514
0.21 2.94 1.06885 0.956939 1.06499 0.959769 1.03874 0.928122 1.03194 0.92774 0.949712 0.856573 0.919643 0.827794 0.581798 0.536033 0.551989 0.507504 0.157505 0.150552 0.128999 0.123278 0.0547324 0.0524768 0.0291681 0.0281203 0.0451785 0.0430199 0.0211833 0.0202295 0.0202956 0.019042 0.00572726 0.00536151 0.00537823 0.00499091 0.000876095 0.000808574
0.22 3.08 1.06956 0.953799 1.06584 0.956295 1.04067 0.926184 1.03386 0.925342 0.950054 0.853712 0.921199 0.826133 0.581211 0.533889 0.552604 0.506548 0.156255 0.149111 0.128893 0.122967 0.0536405 0.0513676 0.0290772 0.0279982 0.0441954 0.0420246 0.0211236 0.0201432 0.0197666 0.0185133 0.00572118 0.0053456 0.00522866 0.00484243 0.00087624 0.000806882
0.23 3.22 1.07017 0.950588 1.06658 0.952755 1.04247 0.924148 1.03566 0.922871 0.950308 0.850791 0.922643 0.824386 0.580584 0.53172 0.553156 0.505542 0.15502 0.14769 0.128779 0.122651 0.0525748 0.0502872 0.0289909 0.027881 0.0432369 0.0410563 0.0210686 0.0200619 0.0192499 0.0179984 0.00571666 0.00533135 0.00508236 0.0046977 0.000876638 0.000805456
0.24 3.36 1.07068 0.94732 1.06724 0.949166 1.04415 0.922032 1.03737 0.920343 0.950485 0.847822 0.923989 0.822567 0.579924 0.529534 0.553653 0.504495 0.153802 0.146289 0.128659 0.122331 0.0515355 0.0492356 0.0289099 0.0277695 0.0423031 0.0401148 0.0210187 0.019986 0.0187454 0.0174971 0.00571382 0.00531884 0.00493925 0.00455661 0.000877314 0.000804312
0.25 3.5 1.07112 0.944009 1.06782 0.945543 1.04574 0.919849 1.039 0.917772 0.950599 0.844819 0.92525 0.82069 0.579239 0.52734 0.554104 0.503415 0.152603 0.144911 0.128537 0.12201 0.0505227 0.0482126 0.028835 0.0276645 0.0413935 0.0391998 0.0209745 0.0199161 0.0182527 0.0170089 0.00571279 0.0053082 0.00479929 0.00441908 0.000878284 0.000803465
0.26 3.64 1.0715 0.940669 1.06835 0.9419 1.04724 0.917613 1.04057 0.915174 0.950662 0.841793 0.926439 0.818767 0.578537 0.525144 0.554516 0.502311 0.151424 0.143558 0.128414 0.121691 0.0495361 0.0472178 0.0287671 0.0275667 0.0405078 0.0383105 0.0209366 0.0198527 0.0177714 0.0165333 0.00571371 0.00529951 0.00466224 0.00428486 0.000879576 0.000802936
0.27 3.78 1.07182 0.937312 1.06882 0.938252 1.04868 0.91534 1.04209 0.912562 0.950684 0.838755 0.927568 0.81681 0.577825 0.522954 0.554899 0.50119 0.150267 0.142231 0.128293 0.121376 0.0485755 0.046251 0.0287068 0.0274766 0.0396454 0.0374463 0.0209054 0.0197961 0.0173011 0.0160699 0.00571673 0.0052929 0.00452797 0.00415382 0.000881213 0.000802743
0.28 3.92 1.07211 0.933951 1.06927 0.93461 1.05006 0.913041 1.04357 0.90995 0.950677 0.835717 0.928648 0.814832 0.57711 0.520776 0.555259 0.500061 0.149134 0.140931 0.128177 0.121068 0.0476407 0.0453117 0.0286548 0.027395 0.0388061 0.0366069 0.0208814 0.0197467 0.0168415 0.0156182 0.00572194 0.00528847 0.00439639 0.00402584 0.000883212 0.0008029
0.29 4.06 1.07237 0.930597 1.06969 0.930987 1.05139 0.910728 1.04502 0.90735 0.950652 0.832688 0.929691 0.812843 0.576397 0.518616 0.555604 0.498929 0.148026 0.13966 0.128068 0.120768 0.0467313 0.0443994 0.0286119 0.0273225 0.0379893 0.0357914 0.0208651 0.019705 0.016392 0.0151778 0.00572949 0.0052863 0.00426737 0.00390076 0.000885596 0.000803423
0.3 4.2 1.07262 0.92726 1.07011 0.927394 1.05269 0.908413 1.04646 0.904774 0.950616 0.829677 0.930708 0.810853 0.575694 0.51648 0.555941 0.497803 0.146945 0.138418 0.127969 0.12048 0.0458471 0.0435138 0.0285787 0.0272597 0.0371945 0.0349994 0.0208569 0.0196712 0.0159525 0.0147483 0.0057395 0.00528651 0.00414079 0.00377847 0.000888386 0.00080433
0.31 4.34 1.07286 0.923949 1.07053 0.923841 1.05396 0.906107 1.04791 0.902233 0.950581 0.826693 0.931708 0.808872 0.575006 0.514373 0.556277 0.496688 0.145891 0.137207 0.127881 0.120204 0.0449876 0.0426544 0.0285559 0.027207 0.0364211 0.0342302 0.0208572 0.0196458 0.0155224 0.0143291 0.0057521 0.0052892 0.00401654 0.00365882 0.000891601 0.000805635
0.32 4.48 1.0731 0.920674 1.07095 0.920338 1.05523 0.90382 1.04936 0.899737 0.950553 0.823745 0.932701 0.806909 0.574337 0.512301 0.556617 0.49559 0.144866 0.136028 0.127806 0.119943 0.0441525 0.0418205 0.0285441 0.0271652 0.0356686 0.033483 0.0208665 0.0196291 0.0151013 0.0139198 0.00576741 0.00529446 0.00389451 0.0035417 0.000895263 0.000807356
0.33 4.62 1.07336 0.917443 1.0714 0.916894 1.05649 0.90156 1.05083 0.897296 0.950541 0.820839 0.933695 0.804973 0.573694 0.510267 0.556969 0.494516 0.14387 0.134881 0.127748 0.1197 0.0433412 0.0410116 0.0285439 0.0271346 0.0349364 0.0327571 0.0208851 0.0196214 0.0146887 0.0135199 0.00578557 0.00530242 0.00377445 0.00342686 0.000899401 0.000809514
0.34 4.76 1.07363 0.914263 1.07188 0.913516 1.05776 0.899337 1.05233 0.89492 0.950551 0.817982 0.934699 0.803071 0.573079 0.508277 0.557336 0.49347 0.142905 0.133768 0.127707 0.119475 0.0425531 0.0402271 0.028556 0.027116 0.0342236 0.032052 0.0209136 0.0196232 0.0142841 0.0131288 0.00580673 0.00531318 0.00365621 0.00331415 0.000904036 0.000812127
0.35 4.9 1.07393 0.911141 1.07239 0.910213 1.05905 0.897158 1.05387 0.892615 0.950591 0.81518 0.93572 0.801212 0.572498 0.506333 0.557726 0.492457 0.141972 0.132688 0.127686 0.119271 0.0417876 0.0394662 0.0285809 0.0271097 0.0335298 0.0313667 0.0209523 0.0196348 0.013887 0.0127461 0.00583101 0.00532684 0.00353964 0.00320342 0.000909195 0.000815215
0.36 5.04 1.07427 0.908082 1.07294 0.906989 1.06036 0.895032 1.05545 0.890391 0.950665 0.812438 0.936766 0.7994 0.571955 0.50444 0.558142 0.491482 0.14107 0.131642 0.127687 0.119089 0.0410443 0.0387285 0.0286193 0.0271164 0.0328543 0.0307006 0.0210017 0.0196565 0.0134969 0.0123712 0.00585857 0.00534354 0.0034246 0.00309453 0.000914901 0.000818796
0.37 5.18 1.07464 0.905094 1.07355 0.903851 1.0617 0.892963 1.05708 0.888254 0.95078 0.809763 0.937843 0.797643 0.571452 0.5026 0.55859 0.49055 0.140201 0.130632 0.127711 0.118931 0.0403226 0.0380132 0.0286719 0.0271366 0.0321963 0.030053 0.0210623 0.0196888 0.0131134 0.0120036 0.00588955 0.00536339 0.00331091 0.0029873 0.000921181 0.000822893
0.38 5.32 1.07506 0.902179 1.07421 0.900805 1.06307 0.890959 1.05878 0.88621 0.95094 0.807157 0.938958 0.795946 0.570994 0.500816 0.559074 0.489664 0.139366 0.129656 0.127761 0.1188 0.0396218 0.0373197 0.0287392 0.0271709 0.0315553 0.0294232 0.0211344 0.019732 0.012736 0.0116429 0.00592412 0.00538652 0.00319844 0.00288159 0.000928063 0.000827525
0.39 5.46 1.07553 0.899343 1.07492 0.897854 1.06449 0.889025 1.06054 0.884266 0.951149 0.804625 0.940114 0.794314 0.570582 0.499092 0.559598 0.488829 0.138565 0.128717 0.127839 0.118696 0.0389414 0.0366474 0.0288219 0.0272198 0.0309305 0.0288105 0.0212187 0.0197865 0.012364 0.0112885 0.00596244 0.00541307 0.00308703 0.00277724 0.000935576 0.000832718
0.4 5.6 1.07605 0.896589 1.07571 0.895003 1.06595 0.887166 1.06238 0.882427 0.951411 0.802169 0.941318 0.792752 0.57022 0.497428 0.560167 0.488047 0.137798 0.127814 0.127946 0.118621 0.0382806 0.0359954 0.0289208 0.0272839 0.030321 0.0282139 0.0213155 0.0198528 0.0119969 0.0109398 0.0060047 0.00544319 0.00297637 0.00267399 0.000943757 0.0008385
0.41 5.74 1.07662 0.893919 1.07655 0.892254 1.06747 0.885386 1.06429 0.880698 0.951728 0.799794 0.942574 0.791264 0.56991 0.495828 0.560784 0.487324 0.137065 0.126947 0.128085 0.118578 0.0376386 0.0353631 0.0290366 0.0273639 0.0297262 0.0276328 0.0214256 0.0199313 0.0116341 0.0105962 0.00605108 0.00547703 0.0028663 0.00257167 0.000952639 0.000844897
0.42 5.88 1.07726 0.891337 1.07747 0.889609 1.06904 0.883688 1.06628 0.879083 0.952103 0.7975 0.943886 0.789854 0.569653 0.494292 0.561453 0.486661 0.136369 0.126117 0.128257 0.118568 0.037015 0.0347499 0.0291699 0.0274603 0.0291454 0.0270664 0.0215493 0.0200224 0.0112749 0.0102571 0.0061018 0.00551476 0.00275661 0.00247009 0.000962258 0.000851938
0.43 6.02 1.07795 0.888843 1.07846 0.887072 1.07067 0.882077 1.06836 0.877586 0.952538 0.79529 0.945257 0.788524 0.569452 0.492823 0.562177 0.486061 0.135708 0.125324 0.128465 0.118592 0.0364089 0.0341549 0.0293215 0.0275739 0.0285777 0.0265139 0.0216874 0.0201269 0.0109189 0.00992202 0.00615705 0.00555655 0.0026471 0.00236907 0.000972652 0.000859653
0.44 6.16 1.0787 0.88644 1.07951 0.884643 1.07236 0.880555 1.07053 0.876211 0.953033 0.793165 0.94669 0.787278 0.569308 0.491421 0.562958 0.485528 0.135084 0.124569 0.12871 0.118653 0.0358197 0.0335774 0.0294924 0.0277054 0.0280223 0.0259746 0.0218404 0.020245 0.0105653 0.00959032 0.00621707 0.0056026 0.00253757 0.00226841 0.000983862 0.000868077
0.45 6.3 1.07952 0.884127 1.08064 0.882322 1.07412 0.879124 1.07279 0.87496 0.953591 0.791125 0.948188 0.786119 0.569223 0.490088 0.563802 0.485064 0.134497 0.123851 0.128995 0.118752 0.0352466 0.0330168 0.0296833 0.0278555 0.0274786 0.0254477 0.0220091 0.0203776 0.0102136 0.00926138 0.00628212 0.00565311 0.00242779 0.00216791 0.000995934 0.000877244
0.46 6.44 1.08039 0.881906 1.08185 0.88011 1.07594 0.877786 1.07514 0.873836 0.954211 0.789171 0.949752 0.785047 0.569197 0.488824 0.564709 0.484672 0.133946 0.123172 0.129322 0.118892 0.034689 0.0324724 0.0298952 0.028025 0.0269456 0.0249323 0.0221943 0.0205252 0.00986288 0.00893455 0.00635245 0.0057083 0.00231752 0.00206736 0.00100891 0.000887194
0.47 6.58 1.08133 0.879774 1.08312 0.878006 1.07783 0.876542 1.07759 0.872841 0.954892 0.787304 0.951384 0.784065 0.569232 0.487631 0.565682 0.484353 0.133434 0.122531 0.129694 0.119074 0.0341459 0.0319432 0.0301291 0.0282149 0.0264224 0.0244276 0.0223967 0.0206884 0.00951247 0.00860908 0.00642836 0.00576842 0.00220641 0.00196643 0.00102286 0.000897971
0.48 6.72 1.08232 0.877733 1.08446 0.876009 1.07978 0.875393 1.08014 0.871977 0.955633 0.785521 0.953085 0.783174 0.569327 0.486508 0.566726 0.484111 0.13296 0.121928 0.130112 0.119301 0.0336165 0.0314285 0.0303861 0.028426 0.0259081 0.0239328 0.0226172 0.0208682 0.00916157 0.00828427 0.00651015 0.00583372 0.00209418 0.00186491 0.00103783 0.000909623
0.49 6.86 1.08337 0.875779 1.08587 0.874118 1.08181 0.87434 1.08278 0.871245 0.956434 0.783824 0.954855 0.782375 0.569484 0.485456 0.567841 0.483947 0.132524 0.121364 0.130579 0.119575 0.0331001 0.0309276 0.0306673 0.0286593 0.0254019 0.0234469 0.0228568 0.0210652 0.00880937 0.0079594 0.00659817 0.00590449 0.00198056 0.00176254 0.00105388 0.000922197
0.5 7 1.08448 0.873912 1.08733 0.87233 1.08389 0.873383 1.08552 0.870647 0.957292 0.782209 0.956696 0.781669 0.569702 0.484475 0.56903 0.483865 0.132128 0.12084 0.131099 0.119898 0.0325959 0.0304396 0.030974 0.028916 0.0249028 0.0229691 0.0231164 0.0212803 0.00845502 0.00763369 0.00669279 0.00598103 0.00186524 0.00165905 0.00107108 0.000935748
0.51 7.14 1.08563 0.872129 1.08886 0.870643 1.08605 0.872522 1.08836 0.870184 0.958205 0.780676 0.958607 0.781056 0.569982 0.483565 0.570296 0.483864 0.131771 0.120356 0.131673 0.120273 0.0321029 0.0299638 0.0313074 0.0291971 0.0244098 0.0224985 0.0233973 0.0215146 0.0080976 0.00730632 0.00679439 0.00606368 0.00174789 0.00155416 0.0010895 0.000950336
0.52 7.28 1.08683 0.870427 1.09044 0.869053 1.08826 0.871756 1.0913 0.869855 0.95917 0.779222 0.960587 0.780537 0.570324 0.482727 0.571642 0.48395 0.131455 0.119912 0.132306 0.120702 0.0316204 0.0294993 0.0316692 0.029504 0.0239219 0.0220342 0.0237006 0.021769 0.00773617 0.00697646 0.00690342 0.0061528 0.00162817 0.00144756 0.00110922 0.000966023
0.53 7.42 1.08807 0.868803 1.09207 0.867556 1.09054 0.871084 1.09434 0.869663 0.960183 0.777846 0.962636 0.780111 0.570728 0.481959 0.573071 0.484123 0.13118 0.119509 0.133001 0.121189 0.0311473 0.0290453 0.0320609 0.0298382 0.023438 0.021575 0.0240277 0.0220448 0.00736961 0.00664311 0.00702035 0.0062488 0.00150565 0.0013389 0.00113033 0.000982884
0.54 7.56 1.08934 0.867254 1.09374 0.866148 1.09287 0.870506 1.09747 0.869606 0.961242 0.776544 0.964754 0.77978 0.571194 0.481263 0.574584 0.484386 0.130948 0.119147 0.133761 0.121737 0.0306826 0.0286008 0.0324842 0.0302011 0.0229569 0.02112 0.0243799 0.0223431 0.00699675 0.00630526 0.00714572 0.00635212 0.00137983 0.00122774 0.00115292 0.001001
0.55 7.7 1.09065 0.865775 1.09544 0.864825 1.09527 0.870021 1.10069 0.869686 0.962342 0.775315 0.96694 0.779542 0.571722 0.480638 0.576186 0.484742 0.130758 0.118827 0.134591 0.122349 0.0302254 0.0281649 0.0329411 0.0305946 0.0224774 0.020668 0.024759 0.0226655 0.00661639 0.00596185 0.00728009 0.00646324 0.00125026 0.00111373 0.00117711 0.00102045
0.56 7.84 1.09198 0.864364 1.09717 0.863582 1.09772 0.869628 1.10401 0.869902 0.963479 0.774154 0.969192 0.779398 0.572312 0.480084 0.57788 0.485194 0.130612 0.118551 0.135495 0.123029 0.0297746 0.0277367 0.0334339 0.0310203 0.0219982 0.0202179 0.0251667 0.0230134 0.00622721 0.00561175 0.0074241 0.00658271 0.00111646 0.000996425 0.00120301 0.00104134
0.57 7.98 1.09333 0.863016 1.09892 0.862412 1.10021 0.869327 1.10742 0.870257 0.964649 0.77306 0.97151 0.779349 0.572965 0.479602 0.57967 0.485746 0.130511 0.118318 0.136477 0.123782 0.029329 0.0273152 0.0339647 0.0314806 0.021518 0.0197685 0.0256049 0.0233885 0.0058278 0.00525372 0.00757845 0.00671111 0.00097789 0.000875388 0.00123075 0.00106377
0.58 8.12 1.09469 0.861726 1.10068 0.861311 1.10276 0.869115 1.11092 0.870751 0.965847 0.772029 0.973895 0.779394 0.573681 0.479191 0.581561 0.486403 0.130458 0.118131 0.137544 0.124612 0.0288876 0.0268994 0.0345363 0.0319776 0.0210353 0.0193186 0.0260759 0.0237928 0.00541663 0.00488643 0.00774392 0.00684909 0.000833949 0.000750114 0.00126046 0.00108786
0.59 8.26 1.09606 0.860491 1.10244 0.860272 1.10536 0.868994 1.11451 0.871385 0.96707 0.771059 0.976346 0.779537 0.574461 0.478854 0.583558 0.487167 0.130452 0.117991 0.138701 0.125525 0.0284491 0.0264881 0.0351516 0.032514 0.0205485 0.0188666 0.026582 0.0242282 0.00499199 0.00450842 0.00792136 0.0069974 0.000683987 0.000620051 0.00129232 0.00111373
0.6 8.4 1.09742 0.859308 1.10419 0.85929 1.108 0.868964 1.11819 0.872162 0.968313 0.770147 0.978864 0.779777 0.575307 0.478591 0.585667 0.488046 0.130497 0.117899 0.139956 0.126526 0.028012 0.0260803 0.0358139 0.0330926 0.0200559 0.0184111 0.0271259 0.0246973 0.00455192 0.00411802 0.00811176 0.00715685 0.000527188 0.000484524 0.00132649 0.00114153
0.61 8.54 1.09878 0.858171 1.10592 0.858358 1.11069 0.869026 1.12196 0.873086 0.969574 0.769292 0.981452 0.780119 0.576221 0.478404 0.587897 0.489046 0.130595 0.117857 0.141316 0.127623 0.027575 0.0256746 0.0365267 0.0337166 0.0195556 0.0179504 0.0277106 0.0252025 0.00409432 0.00371343 0.00831618 0.00732835 0.000362689 0.000342815 0.00136317 0.00117144
0.62 8.68 1.10013 0.857079 1.10763 0.857471 1.11343 0.869183 1.12583 0.87416 0.970849 0.768492 0.984112 0.780565 0.577207 0.478296 0.590257 0.490175 0.130747 0.117868 0.142788 0.128822 0.0271364 0.0252697 0.0372942 0.0343898 0.0190455 0.0174828 0.0283396 0.0257468 0.00361693 0.00329271 0.00853583 0.00751294 0.000189611 0.000194193 0.0014026 0.00120363
0.63 8.82 1.10146 0.85603 1.10931 0.856623 1.11621 0.869437 1.1298 0.875392 0.972137 0.767746 0.98685 0.781122 0.578268 0.478271 0.592757 0.491443 0.130958 0.117933 0.144385 0.130133 0.0266948 0.0248642 0.0381211 0.0351161 0.0185236 0.0170064 0.0290165 0.0263337 0.0031172 0.00285369 0.00877208 0.00771176 6.94256e-06 3.78181e-05 0.00144502 0.0012383
0.64 8.96 1.10278 0.855022 1.11093 0.85581 1.11905 0.869796 1.13387 0.876789 0.973439 0.767056 0.989673 0.781797 0.579411 0.478333 0.595411 0.49286 0.131231 0.118057 0.146115 0.131564 0.0262481 0.0244566 0.0390124 0.0359003 0.0179872 0.016519 0.0297458 0.0269667 0.00259227 0.00239396 0.00902647 0.00792613 -0.000186464 -0.000127261 0.00149071 0.0012757
0.65 9.1 1.10407 0.854056 1.11251 0.855027 1.12195 0.870266 1.13806 0.878362 0.974755 0.766423 0.992592 0.782599 0.580643 0.478488 0.598234 0.49444 0.13157 0.118243 0.147992 0.133127 0.0257945 0.0240453 0.0399743 0.0367475 0.0174337 0.0160184 0.0305322 0.0276503 0.00203893 0.00191077 0.00930075 0.00815753 -0.000391881 -0.000302103 0.00153999 0.00131608
0.66 9.24 1.10535 0.853135 1.11404 0.854271 1.12492 0.870859 1.14237 0.880127 0.97609 0.765852 0.995619 0.78354 0.581975 0.478745 0.601247 0.4962 0.131981 0.118496 0.15003 0.134835 0.0253316 0.0236283 0.0410134 0.0376638 0.0168601 0.0155018 0.0313814 0.0283893 0.00145353 0.00140104 0.00959691 0.00840767 -0.000610817 -0.000487951 0.00159324 0.00135976
0.67 9.38 1.10661 0.852263 1.1155 0.853541 1.12798 0.871588 1.14684 0.882099 0.97745 0.76535 0.998773 0.784638 0.583417 0.479114 0.604472 0.498159 0.132468 0.118819 0.152247 0.136702 0.024857 0.0232037 0.0421375 0.038656 0.0162628 0.0149664 0.0322998 0.0291892 0.000831821 0.000861175 0.00991726 0.00867849 -0.000845066 -0.000686285 0.00165088 0.00140708
0.68 9.52 1.10787 0.851448 1.1169 0.852837 1.13114 0.872473 1.15147 0.884303 0.978848 0.764926 1.00208 0.785912 0.584986 0.479607 0.607937 0.500341 0.133039 0.119221 0.15466 0.138744 0.0243678 0.022769 0.0433555 0.0397321 0.0156378 0.0144088 0.0332947 0.0300566 0.000169079 0.000287189 0.0102644 0.00897223 -0.00109654 -0.000898676 0.0017134 0.00145844
0.69 9.66 1.10913 0.850702 1.11823 0.852163 1.13444 0.873537 1.1563 0.886767 0.980298 0.764593 1.00556 0.787388 0.586702 0.480241 0.611676 0.502775 0.133702 0.119707 0.157293 0.140983 0.023861 0.0223218 0.0446779 0.0409014 0.0149809 0.0138253 0.0343746 0.0309988 -0.000540104 -0.000325488 0.0106414 0.00929149 -0.00136742 -0.00112693 0.00178136 0.00151431
0.7 9.8 1.11042 0.850041 1.11952 0.851525 1.1379 0.874811 1.16138 0.889528 0.981823 0.76437 1.00926 0.789099 0.58859 0.481036 0.61573 0.505494 0.134468 0.120286 0.160172 0.14344 0.023333 0.0218592 0.0461166 0.0421743 0.0142869 0.0132115 0.0355494 0.0320246 -0.00130203 -0.000982169 0.0110518 0.00963927 -0.00166031 -0.00137319 0.0018554 0.00157522
0.71 9.94 1.11176 0.849486 1.12076 0.850931 1.14159 0.876333 1.16675 0.892628 0.983449 0.764279 1.01323 0.791083 0.590678 0.482015 0.620149 0.50854 0.135346 0.120969 0.163327 0.146142 0.0227797 0.0213779 0.0476856 0.0435636 0.01355 0.0125626 0.0368307 0.033144 -0.00212398 -0.001689 0.0114998 0.0100191 -0.00197819 -0.00163991 0.00193631 0.0016418
0.72 10.08 1.11318 0.849066 1.12196 0.850397 1.14554 0.878152 1.17247 0.896126 0.985215 0.76435 1.01752 0.793392 0.593006 0.483211 0.624992 0.511964 0.136352 0.121768 0.166794 0.149121 0.0221963 0.0208741 0.0494017 0.0450837 0.0127632 0.0118727 0.038232 0.034369 -0.00301456 -0.00245323 0.0119901 0.0104351 -0.0023246 -0.00193 0.00202496 0.00171481
0.73 10.22 1.11474 0.848819 1.12317 0.849943 1.14983 0.880328 1.17862 0.900088 0.987168 0.764623 1.02221 0.796087 0.59562 0.484659 0.630334 0.515826 0.1375 0.122696 0.170616 0.152415 0.0215772 0.020343 0.0512842 0.0467522 0.0119184 0.0111349 0.0397694 0.0357138 -0.00398409 -0.00328354 0.0125286 0.0108922 -0.0027039 -0.00224705 0.00212244 0.00179512
0.74 10.36 1.11649 0.848791 1.1244 0.849596 1.15456 0.882936 1.1853 0.904601 0.989369 0.765145 1.02739 0.799243 0.598575 0.486407 0.636261 0.5202 0.138811 0.12377 0.174843 0.156066 0.0209155 0.0197795 0.0533565 0.0485897 0.0110059 0.0103411 0.0414622 0.037195 -0.00504464 -0.00419009 0.0131222 0.0113963 -0.00312108 -0.00259515 0.00223002 0.00188377
0.75 10.5 1.1185 0.849044 1.12571 0.849392 1.15984 0.886069 1.19264 0.90977 0.991895 0.765978 1.03318 0.802956 0.601944 0.488511 0.642884 0.525175 0.140306 0.12501 0.179535 0.160129 0.0202036 0.0191773 0.0556466 0.050621 0.0100142 0.00948178 0.0433332 0.0388328 -0.00621063 -0.00518502 0.013779 0.0119543 -0.00358209 -0.00297921 0.00234922 0.00198203
0.76 10.64 1.12088 0.849652 1.12715 0.849378 1.16581 0.889844 1.20079 0.915725 0.994844 0.767199 1.03972 0.807342 0.605813 0.491041 0.650334 0.530863 0.142013 0.126441 0.184766 0.164666 0.0194318 0.0185286 0.0581882 0.0528761 0.0089296 0.0085452 0.0454102 0.0406515 -0.00749957 -0.00628306 0.014509 0.0125747 -0.0040942 -0.00340518 0.00248187 0.00209142
0.77 10.78 1.12374 0.850712 1.1288 0.849611 1.17264 0.894404 1.20994 0.922629 0.998336 0.768904 1.04719 0.812546 0.610289 0.494083 0.658774 0.537397 0.143964 0.128091 0.190621 0.169755 0.0185885 0.0178242 0.0610223 0.0553916 0.00773502 0.00751716 0.0477269 0.0426808 -0.00893285 -0.00750219 0.0153243 0.0132678 -0.00466626 -0.00388034 0.00263022 0.00221378
0.78 10.92 1.12723 0.852344 1.13075 0.850169 1.18057 0.89993 1.22033 0.930683 1.00253 0.771212 1.0558 0.818748 0.615505 0.497746 0.668407 0.544945 0.146196 0.129992 0.197208 0.175488 0.0176591 0.0170524 0.0641995 0.0582121 0.0064096 0.00638013 0.0503248 0.0449569 -0.0105367 -0.00886449 0.0162399 0.0140464 -0.00530916 -0.00441364 0.00279704 0.00235139
0.79 11.06 1.13156 0.854698 1.13312 0.851145 1.18986 0.906647 1.23227 0.94014 1.00761 0.774275 1.06585 0.826173 0.621627 0.50216 0.679482 0.553714 0.148758 0.132188 0.204658 0.181981 0.0166254 0.0161987 0.0677822 0.0613932 0.00492701 0.00511206 0.0532553 0.0475251 -0.0123442 -0.0103977 0.0172741 0.0149261 -0.00603675 -0.00501643 0.00298575 0.00250709
0.8 11.2 1.13696 0.857966 1.13608 0.852659 1.20087 0.914839 1.24613 0.951317 1.01382 0.778283 1.07766 0.835103 0.628862 0.507494 0.692315 0.563964 0.151707 0.13473 0.213135 0.189377 0.0154643 0.0152447 0.0718486 0.0650043 0.00325427 0.00368529 0.0565829 0.0504415 -0.0143965 -0.0121364 0.0184502 0.0159266 -0.00686623 -0.00570283 0.00320066 0.00268443
0.81 11.34 1.14375 0.862387 1.13981 0.854862 1.21404 0.924865 1.26239 0.964618 1.02147 0.783474 1.0917 0.845898 0.637471 0.513956 0.707301 0.576022 0.155115 0.137681 0.222845 0.19786 0.0141464 0.0141667 0.0764978 0.0691335 0.00134936 0.00206459 0.0603888 0.0537778 -0.016746 -0.0141248 0.0197975 0.0170729 -0.00781935 -0.0064907 0.00344723 0.0028879
0.82 11.48 1.15232 0.868271 1.14456 0.857945 1.22995 0.937185 1.28168 0.980557 1.03095 0.790155 1.10852 0.859015 0.647785 0.521811 0.724947 0.590306 0.159074 0.141125 0.234054 0.20766 0.0126333 0.012934 0.0818566 0.0738931 -0.000842218 0.000204257 0.0647777 0.0576254 -0.0194606 -0.0164197 0.0213536 0.0183972 -0.00892426 -0.00740312 0.00373245 0.00312328
0.83 11.62 1.16318 0.876012 1.15066 0.862149 1.24934 0.952393 1.30478 0.999802 1.04277 0.79872 1.12887 0.875046 0.660229 0.5314 0.745904 0.607353 0.163701 0.145164 0.247103 0.219078 0.0108743 0.0115059 0.0880896 0.0794295 -0.00339201 -0.00195569 0.0698852 0.0621032 -0.0226284 -0.0190954 0.0231675 0.0199409 -0.0102178 -0.0084703 0.00406544 0.0033981
0.84 11.76 1.17699 0.886125 1.1585 0.867783 1.27315 0.971265 1.33275 1.02322 1.05759 0.809679 1.15368 0.894763 0.675355 0.543163 0.771026 0.627868 0.169146 0.149933 0.262441 0.232509 0.00880092 0.00982749 0.0954141 0.0859352 -0.00639568 -0.0044955 0.0758903 0.067368 -0.0263674 -0.0222507 0.0253041 0.0217593 -0.0117488 -0.0097324 0.00445829 0.00372229
0.85 11.9 1.19464 0.899288 1.1686 0.875249 1.30269 0.994833 1.36698 1.05199 1.07626 0.823707 1.18425 0.919196 0.693886 0.55768 0.80144 0.652782 0.175607 0.155608 0.280667 0.248478 0.00631964 0.00782346 0.104121 0.0936686 -0.00998339 -0.00752431 0.0830331 0.0736302 -0.0308368 -0.0260194 0.0278501 0.0239263 -0.013584 -0.0112439 0.00492722 0.00410926
0.86 12.04 1.21728 0.916409 1.18167 0.885068 1.33968 1.02449 1.40934 1.08766 1.09995 0.841706 1.22228 0.94973 0.71679 0.575722 0.838672 0.683351 0.183347 0.162425 0.302599 0.267702 0.00329944 0.00538832 0.114609 0.102983 -0.0143358 -0.0111937 0.0916423 0.0811775 -0.0362562 -0.030586 0.0309248 0.0265432 -0.0158149 -0.01308 0.0054945 0.00457735
0.87 12.18 1.24654 0.938728 1.1986 0.897936 1.38649 1.06216 1.46244 1.13241 1.13026 0.86491 1.27015 0.988281 0.74538 0.598338 0.884816 0.721307 0.192726 0.170703 0.329368 0.291176 -0.000445699 0.00237202 0.127434 0.11437 -0.0197082 -0.0157177 0.102177 0.0904119 -0.0429348 -0.0362099 0.034695 0.0297519 -0.0185701 -0.015346 0.00619135 0.00515227
0.88 12.32 1.28463 0.967977 1.22065 0.914791 1.44651 1.11054 1.52992 1.18931 1.16939 0.89504 1.33119 1.03755 0.781486 0.626988 0.942826 0.769084 0.204242 0.18089 0.362592 0.320318 -0.00518854 -0.00144572 0.143392 0.128538 -0.0264717 -0.0214079 0.115296 0.10191 -0.0513198 -0.0432665 0.0394002 0.0337561 -0.022036 -0.0181946 0.00706264 0.00587101
0.89 12.46 1.33479 1.00664 1.24952 0.936929 1.5246 1.17359 1.61713 1.26282 1.22053 0.934569 1.41027 1.10146 0.827712 0.663748 1.01697 0.830213 0.218612 0.193625 0.40464 0.357208 -0.0113413 -0.00639838 0.163658 0.146526 -0.0351836 -0.0287318 0.131971 0.116521 -0.0620778 -0.0523154 0.0453949 0.038857 -0.0264903 -0.0218533 0.00817484 0.00678829
0.9 12.6 1.40176 1.05841 1.28766 0.966193 1.62809 1.25721 1.73205 1.35967 1.2884 0.987158 1.51466 1.1859 0.887893 0.711682 1.11365 0.909982 0.236892 0.209855 0.459111 0.405002 -0.0195479 -0.0130074 0.190027 0.169925 -0.0467074 -0.0384143 0.153687 0.135546 -0.0762362 -0.0642185 0.0532211 0.0455155 -0.0323611 -0.0266726 0.00962981 0.00798802
0.91 12.74 1.49288 1.12894 1.33868 1.00528 1.7684 1.37062 1.88723 1.49038 1.38026 1.05845 1.65572 1.30007 0.967943 0.775513 1.24287 1.01667 0.260705 0.231036 0.53169 0.468688 -0.0308553 -0.022122 0.225351 0.20126 -0.0624382 -0.0516263 0.182807 0.161051 -0.0954468 -0.0803616 0.0637436 0.0544662 -0.0403374 -0.0332165 0.0115902 0.0096041
0.92 12.88 1.62001 1.22742 1.40809 1.0583 1.96428 1.52899 2.1032 1.67226 1.50786 1.15753 1.85206 1.45904 1.07745 0.862902 1.42109 1.16392 0.292669 0.259514 0.63182 0.556547 -0.0470552 -0.035197 0.274395 0.24475 -0.0847456 -0.0703572 0.223282 0.196489 -0.122497 -0.103083 0.078411 0.0669401 -0.0515819 -0.0424368 0.0143291 0.0118612
0.93 13.02 1.80344 1.36954 1.50478 1.13184 2.24829 1.75867 2.41585 1.93556 1.69126 1.3 2.13604 1.68908 1.23289 0.987018 1.67707 1.37557 0.337244 0.299303 0.776167 0.683193 -0.0714071 -0.0548831 0.345626 0.307886 -0.11791 -0.0982014 0.282137 0.248002 -0.162394 -0.136581 0.0998037 0.0851291 -0.0681818 -0.0560408 0.0183332 0.01516
0.94 13.16 2.08066 1.58431 1.64397 1.23706 2.68165 2.1093 2.89268 2.33729 1.9675 1.5146 2.56843 2.03953 1.46487 1.1723 2.06512 1.69665 0.402649 0.357798 0.996502 0.876479 -0.110314 -0.0863935 0.455286 0.405039 -0.170284 -0.142172 0.372865 0.32738 -0.224851 -0.189 0.132889 0.113252 -0.0941883 -0.0773426 0.0245415 0.0202728
0.95 13.3 2.52811 1.93092 1.85384 1.39451 3.39153 2.68409 3.67417 2.99642 2.41203 1.85992 3.27538 2.61303 1.8361 1.46885 2.69866 2.22128 0.505557 0.450035 1.35989 1.19519 -0.177722 -0.141097 0.637906 0.566745 -0.259929 -0.21744 0.524169 0.459698 -0.330751 -0.277848 0.188259 0.160302 -0.138315 -0.113467 0.0349589 0.0288486
