
************ Fit covar results *************
		 [ i*ndim + j ] 
0.000834167 1 0 0
-0.00112987 -0.182879 0 1
-0.000203273 -0.219807 0 2
0.0131624 0.690366 0 3
-0.0456449 -0.627268 0 4
-0.000108491 -0.394512 0 5
0 0 0 6
-0.00112987 -0.182879 1 0
0.0457593 1 1 1
0.00393002 0.573778 1 2
1.69169e-06 1.19798e-05 1 3
-0.0125635 -0.0233109 1 4
0.000648909 0.318593 1 5
0 0 1 6
-0.000203273 -0.219807 2 0
0.00393002 0.573778 2 1
0.00102524 1 2 2
-0.00809087 -0.382783 2 3
-0.0208843 -0.258878 2 4
-3.1629e-05 -0.103745 2 5
0 0 2 6
0.0131624 0.690366 3 0
1.69169e-06 1.19798e-05 3 1
-0.00809087 -0.382783 3 2
0.435774 1 3 3
-1.09155 -0.656298 3 4
0.000568559 0.090456 3 5
0 0 3 6
-0.0456449 -0.627268 4 0
-0.0125635 -0.0233109 4 1
-0.0208843 -0.258878 4 2
-1.09155 -0.656298 4 3
6.34783 1 4 4
-0.000376717 -0.0157035 4 5
0 0 4 6
-0.000108491 -0.394512 5 0
0.000648909 0.318593 5 1
-3.1629e-05 -0.103745 5 2
0.000568559 0.090456 5 3
-0.000376717 -0.0157035 5 4
9.06598e-05 1 5 5
0 0 5 6
0 0 6 0
0 0 6 1
0 0 6 2
0 0 6 3
0 0 6 4
0 0 6 5
0 0 6 6
**********************************************
