
************ Fit covar results *************
		 [ i*ndim + j ] 
0.00298747 1 0 0
-0.00431992 -0.325641 0 1
-0.00154175 -0.483247 0 2
-0.00709012 -0.402501 0 3
0.0187126 0.650797 0 4
-0.000130906 -0.245222 0 5
0 0 0 6
-0.00431992 -0.325641 1 0
0.0589072 1 1 1
0.0112848 0.796557 1 2
-0.00466425 -0.0596297 1 3
-0.0183812 -0.143964 1 4
0.000451978 0.190671 1 5
0 0 1 6
-0.00154175 -0.483247 2 0
0.0112848 0.796557 2 1
0.00340712 1 2 2
-0.00426716 -0.226835 2 3
-0.00213288 -0.0694599 2 4
-9.46428e-05 -0.166014 2 5
0 0 2 6
-0.00709012 -0.402501 3 0
-0.00466425 -0.0596297 3 1
-0.00426716 -0.226835 3 2
0.103865 1 3 3
-0.157725 -0.930312 3 4
-0.000183769 -0.0583834 3 5
0 0 3 6
0.0187126 0.650797 4 0
-0.0183812 -0.143964 4 1
-0.00213288 -0.0694599 4 2
-0.157725 -0.930312 4 3
0.276742 1 4 4
-1.73822e-05 -0.00338313 4 5
0 0 4 6
-0.000130906 -0.245222 5 0
0.000451978 0.190671 5 1
-9.46428e-05 -0.166014 5 2
-0.000183769 -0.0583834 5 3
-1.73822e-05 -0.00338313 5 4
9.53885e-05 1 5 5
0 0 5 6
0 0 6 0
0 0 6 1
0 0 6 2
0 0 6 3
0 0 6 4
0 0 6 5
0 0 6 6
**********************************************
