
************ Fit covar results *************
		 [ i*ndim + j ] 
0.00439311 1 0 0
-0.0259553 -0.752859 0 1
-0.00780974 -0.839499 0 2
0.01442 0.894719 0 3
-8.69388e-05 -0.122995 0 4
0 0 0 5
-0.0259553 -0.752859 1 0
0.270555 1 1 1
0.0696387 0.953876 1 2
-0.112286 -0.887778 1 3
-2.33307e-05 -0.0042059 1 4
0 0 1 5
-0.00780974 -0.839499 2 0
0.0696387 0.953876 2 1
0.0196998 1 2 2
-0.03252 -0.952856 2 3
-0.000271884 -0.181639 2 4
0 0 2 5
0.01442 0.894719 3 0
-0.112286 -0.887778 3 1
-0.03252 -0.952856 3 2
0.0591269 1 3 3
3.75442e-05 0.014478 3 4
0 0 3 5
-8.69388e-05 -0.122995 4 0
-2.33307e-05 -0.0042059 4 1
-0.000271884 -0.181639 4 2
3.75442e-05 0.014478 4 3
0.000113732 1 4 4
0 0 4 5
0 0 5 0
0 0 5 1
0 0 5 2
0 0 5 3
0 0 5 4
0 0 5 5
**********************************************
