
************ Fit covar results *************
		 [ i*ndim + j ] 
0.00377277 1 0 0
-0.000777234 -0.0361942 0 1
-0.000772567 -0.220268 0 2
-0.0229399 -0.624115 0 3
0.0459031 0.810835 0 4
-8.45243e-05 -0.141528 0 5
0 0 0 6
-0.000777234 -0.0361942 1 0
0.122227 1 1 1
0.0153446 0.768632 1 2
-0.0209333 -0.10006 1 3
-0.0561 -0.174101 1 4
0.00064052 0.188426 1 5
0 0 1 6
-0.000772567 -0.220268 2 0
0.0153446 0.768632 2 1
0.00326067 1 2 2
-0.00834712 -0.244279 2 3
-0.0074229 -0.14104 2 4
-0.000108566 -0.195537 2 5
0 0 2 6
-0.0229399 -0.624115 3 0
-0.0209333 -0.10006 3 1
-0.00834712 -0.244279 3 2
0.35809 1 3 3
-0.490089 -0.888587 3 4
-0.000383918 -0.065983 3 5
0 0 3 6
0.0459031 0.810835 4 0
-0.0561 -0.174101 4 1
-0.0074229 -0.14104 4 2
-0.490089 -0.888587 4 3
0.849491 1 4 4
-0.000227233 -0.0253561 4 5
0 0 4 6
-8.45243e-05 -0.141528 5 0
0.00064052 0.188426 5 1
-0.000108566 -0.195537 5 2
-0.000383918 -0.065983 5 3
-0.000227233 -0.0253561 5 4
9.45409e-05 1 5 5
0 0 5 6
0 0 6 0
0 0 6 1
0 0 6 2
0 0 6 3
0 0 6 4
0 0 6 5
0 0 6 6
**********************************************
