
************ Fit covar results *************
		 [ i*ndim + j ] 
0.000340456 1 0 0
0.00160369 0.479241 0 1
9.60449e-05 0.246825 0 2
6.51701e-05 0.0443475 0 3
-2.79622e-05 -0.288803 0 4
-5.98053e-05 -0.329888 0 5
0.00160369 0.479241 1 0
0.0328905 1 1 1
0.00308504 0.806623 1 2
-0.0100131 -0.693245 1 3
0.000325647 0.342194 1 4
-4.38424e-05 -0.0246046 1 5
9.60449e-05 0.246825 2 0
0.00308504 0.806623 2 1
0.000444743 1 2 2
-0.00137942 -0.821284 2 3
7.4113e-06 0.0669732 2 4
-9.46732e-05 -0.456909 2 5
6.51701e-05 0.0443475 3 0
-0.0100131 -0.693245 3 1
-0.00137942 -0.821284 3 2
0.00634302 1 3 3
-0.00020641 -0.493905 3 4
2.71739e-05 0.0347265 3 5
-2.79622e-05 -0.288803 4 0
0.000325647 0.342194 4 1
7.4113e-06 0.0669732 4 2
-0.00020641 -0.493905 4 3
2.75346e-05 1 4 4
3.81713e-05 0.74038 4 5
-5.98053e-05 -0.329888 5 0
-4.38424e-05 -0.0246046 5 1
-9.46732e-05 -0.456909 5 2
2.71739e-05 0.0347265 5 3
3.81713e-05 0.74038 5 4
9.65352e-05 1 5 5
**********************************************
