
************ Fit covar results *************
		 [ i*ndim + j ] 
0.000362257 1 0 0
0.00111251 0.288717 0 1
3.59614e-06 0.00902812 0 2
0 0 0 3
0.00172528 0.323236 0 4
-3.66479e-05 -0.380017 0 5
-5.2976e-05 -0.283668 0 6
0.00111251 0.288717 1 0
0.0409869 1 1 1
0.00338714 0.799426 1 2
0 0 1 3
-0.0375435 -0.661272 1 4
0.000308359 0.300604 1 5
1.40827e-05 0.00708931 1 6
3.59614e-06 0.00902812 2 0
0.00338714 0.799426 2 1
0.000437989 1 2 2
0 0 2 3
-0.00473598 -0.80695 2 4
1.26447e-06 0.0119245 2 5
-8.80672e-05 -0.428867 2 6
0 0 3 0
0 0 3 1
0 0 3 2
0 0 3 3
0 0 3 4
0 0 3 5
0 0 3 6
0.00172528 0.323236 4 0
-0.0375435 -0.661272 4 1
-0.00473598 -0.80695 4 2
0 0 4 3
0.0786437 1 4 4
-0.000635663 -0.44736 4 5
-6.87126e-06 -0.00249715 4 6
-3.66479e-05 -0.380017 5 0
0.000308359 0.300604 5 1
1.26447e-06 0.0119245 5 2
0 0 5 3
-0.000635663 -0.44736 5 4
2.5673e-05 1 5 5
3.87238e-05 0.778898 5 6
-5.2976e-05 -0.283668 6 0
1.40827e-05 0.00708931 6 1
-8.80672e-05 -0.428867 6 2
0 0 6 3
-6.87126e-06 -0.00249715 6 4
3.87238e-05 0.778898 6 5
9.62764e-05 1 6 6
**********************************************
