0.2 2.8 1.05955 0.963279 1.05795 0.965549 1.10204 1.00341 1.0986 1.00442 0.934713 0.853332 0.977149 0.893416 0.547047 0.505382 0.589121 0.545123 0.0986735 0.0933778 0.138927 0.13139 -0.00441765 -0.00388771 0.0315434 0.0299763 -0.0107252 -0.00995437 0.0228673 0.0216131 -0.0137608 -0.0128284 0.00615222 0.00575192 -0.00506327 -0.00469726 0.000937581 0.000870287
0.21 2.94 1.06098 0.9601 1.05929 0.962036 1.10334 1.00005 1.1001 1.001 0.935812 0.850609 0.97812 0.890503 0.547383 0.503886 0.589329 0.543438 0.0985644 0.0930857 0.138691 0.130912 -0.00443356 -0.00388287 0.0314142 0.0298115 -0.0107129 -0.00991727 0.0227799 0.0214944 -0.0137367 -0.0127753 0.00613958 0.00572732 -0.00505995 -0.00468156 0.000936826 0.000867292
0.22 3.08 1.06226 0.956821 1.06049 0.958439 1.1045 0.996585 1.10148 0.997496 0.936785 0.847795 0.978973 0.887508 0.547644 0.502333 0.58947 0.541705 0.0984389 0.0927798 0.138446 0.13043 -0.00445303 -0.00388179 0.0312898 0.0296521 -0.010704 -0.00988388 0.0226974 0.0213813 -0.0137164 -0.0127264 0.00612857 0.00570452 -0.00505808 -0.00466746 0.00093634 0.00086459
0.23 3.22 1.06342 0.953458 1.06159 0.954775 1.10555 0.993051 1.10276 0.993938 0.937647 0.844907 0.979722 0.884448 0.547839 0.500735 0.589554 0.539935 0.0982992 0.0924622 0.138196 0.129945 -0.00447609 -0.00388441 0.0311711 0.0294992 -0.0106987 -0.00985439 0.0226205 0.0212743 -0.0137 -0.0126818 0.00611936 0.00568365 -0.00505779 -0.00465503 0.000936141 0.000862196
0.24 3.36 1.06446 0.950029 1.06259 0.951061 1.10649 0.98946 1.10395 0.990339 0.938411 0.841959 0.980384 0.881338 0.547977 0.499098 0.58959 0.538138 0.0981472 0.0921349 0.137944 0.129462 -0.00450267 -0.00389064 0.0310591 0.0293533 -0.0106973 -0.00982887 0.0225497 0.0211737 -0.0136881 -0.0126418 0.00611208 0.00566482 -0.00505919 -0.00464436 0.000936253 0.000860128
0.25 3.5 1.06541 0.946549 1.0635 0.947312 1.10735 0.98583 1.10507 0.986716 0.93909 0.838965 0.980972 0.878194 0.548067 0.497433 0.589589 0.536323 0.0979849 0.0918 0.137692 0.128982 -0.00453275 -0.0039004 0.0309544 0.0292152 -0.0106998 -0.00980746 0.0224856 0.0210802 -0.0136807 -0.0126066 0.00610685 0.00564812 -0.00506236 -0.00463551 0.000936694 0.000858399
0.26 3.64 1.06628 0.943033 1.06435 0.943544 1.10814 0.982175 1.10613 0.983085 0.939697 0.835938 0.9815 0.875028 0.548116 0.495747 0.589558 0.534499 0.0978141 0.0914592 0.137444 0.128508 -0.00456641 -0.00391372 0.0308581 0.0290857 -0.0107067 -0.00979038 0.0224288 0.0209941 -0.0136784 -0.0125765 0.0061038 0.00563365 -0.0050675 -0.00462864 0.000937493 0.000857031
0.27 3.78 1.06708 0.939495 1.06514 0.93977 1.10887 0.978511 1.10715 0.979461 0.940245 0.832891 0.98198 0.871856 0.548131 0.494047 0.589506 0.532675 0.0976367 0.0911144 0.137201 0.128043 -0.00460366 -0.00393056 0.0307706 0.0289653 -0.010718 -0.00977774 0.0223796 0.0209158 -0.0136814 -0.0125517 0.0061031 0.00562153 -0.00507472 -0.00462382 0.000938671 0.000856039
0.28 3.92 1.06782 0.935949 1.0659 0.936004 1.10955 0.974852 1.10815 0.975859 0.940746 0.829835 0.982427 0.868688 0.548121 0.492342 0.589442 0.530858 0.0974543 0.0907673 0.136966 0.127588 -0.00464451 -0.00395087 0.0306929 0.0288546 -0.0107339 -0.00976968 0.0223386 0.0208456 -0.0136899 -0.0125325 0.00610484 0.00561185 -0.00508411 -0.00462113 0.000940247 0.000855439
0.29 4.06 1.06852 0.932407 1.06662 0.932258 1.11021 0.971212 1.10913 0.972292 0.94121 0.826783 0.982851 0.865537 0.548092 0.490639 0.589374 0.529057 0.0972685 0.0904195 0.136743 0.127147 -0.004689 -0.00397467 0.0306255 0.0287543 -0.0107548 -0.00976638 0.0223062 0.0207841 -0.0137043 -0.012519 0.00610915 0.0056047 -0.00509581 -0.00462065 0.000942245 0.000855246
0.3 4.2 1.06919 0.92888 1.06733 0.928544 1.11086 0.967601 1.11011 0.968772 0.941648 0.823745 0.983263 0.862415 0.548051 0.488943 0.589308 0.527278 0.0970811 0.0900726 0.136533 0.126722 -0.00473717 -0.00400194 0.0305692 0.0286649 -0.0107807 -0.00976796 0.0222829 0.0207315 -0.0137249 -0.0125114 0.00611617 0.00560018 -0.00510991 -0.00462247 0.000944683 0.000855477
0.31 4.34 1.06984 0.925381 1.06803 0.924872 1.1115 0.964033 1.11111 0.965312 0.942069 0.820729 0.983675 0.859331 0.548004 0.487261 0.589252 0.525528 0.0968934 0.0897281 0.136338 0.126314 -0.00478909 -0.00403269 0.0305245 0.028587 -0.0108119 -0.0097746 0.0222691 0.0206882 -0.0137519 -0.0125101 0.00612603 0.00559839 -0.00512652 -0.00462667 0.000947584 0.000856145
0.32 4.48 1.07047 0.921918 1.06873 0.921253 1.11214 0.960517 1.11213 0.961923 0.942483 0.817746 0.984097 0.856295 0.547957 0.485598 0.589212 0.523814 0.0967068 0.0893872 0.136161 0.125926 -0.00484481 -0.00406696 0.0304922 0.0285211 -0.0108486 -0.00978646 0.0222652 0.0206545 -0.0137856 -0.0125151 0.00613884 0.00559943 -0.00514577 -0.00463333 0.000950969 0.000857269
0.33 4.62 1.07111 0.9185 1.06945 0.917695 1.1128 0.957063 1.11318 0.958614 0.942898 0.814803 0.984536 0.853316 0.547915 0.48396 0.589195 0.52214 0.0965228 0.0890513 0.136003 0.12556 -0.00490449 -0.00410483 0.0304728 0.0284677 -0.0108912 -0.00980377 0.0222716 0.0206308 -0.0138265 -0.0125268 0.00615476 0.00560341 -0.00516782 -0.00464259 0.000954866 0.00085887
0.34 4.76 1.07175 0.915136 1.07019 0.914207 1.11349 0.953681 1.11427 0.955396 0.943322 0.811908 0.985003 0.850402 0.547884 0.482352 0.589206 0.520514 0.0963426 0.0887216 0.135868 0.125216 -0.00496825 -0.00414636 0.030467 0.0284274 -0.0109398 -0.00982672 0.0222888 0.0206173 -0.0138747 -0.0125455 0.00617392 0.00561043 -0.00519282 -0.00465454 0.0009593 0.000860964
0.35 4.9 1.07241 0.911835 1.07096 0.910796 1.11421 0.950379 1.11542 0.952277 0.943763 0.809067 0.985505 0.847561 0.547867 0.480777 0.589252 0.51894 0.0961673 0.0883993 0.135757 0.124899 -0.00503619 -0.00419162 0.0304754 0.0284006 -0.0109948 -0.00985552 0.0223173 0.0206146 -0.0139307 -0.0125713 0.00619646 0.00562061 -0.00522088 -0.00466929 0.000964294 0.000863572
0.36 5.04 1.07309 0.908601 1.07176 0.907469 1.11497 0.947163 1.11663 0.949265 0.944225 0.806288 0.98605 0.844799 0.54787 0.479241 0.589337 0.517422 0.0959983 0.0880854 0.135672 0.124608 -0.00510848 -0.00424071 0.0304986 0.028388 -0.0110564 -0.00989037 0.0223574 0.0206227 -0.0139947 -0.0126045 0.00622253 0.00563405 -0.00525216 -0.00468693 0.000969875 0.000866712
0.37 5.18 1.0738 0.905443 1.0726 0.904232 1.11578 0.944042 1.11791 0.946367 0.944717 0.803574 0.986644 0.842124 0.547897 0.477746 0.589466 0.515966 0.0958365 0.0877811 0.135614 0.124346 -0.00518526 -0.00429373 0.0305373 0.0283899 -0.0111249 -0.00993152 0.0224095 0.0206423 -0.0140672 -0.0126454 0.00625229 0.00565089 -0.00528679 -0.00470759 0.00097607 0.000870405
0.38 5.32 1.07455 0.902364 1.0735 0.90109 1.11665 0.941021 1.11927 0.943591 0.945242 0.800933 0.987293 0.83954 0.547951 0.476297 0.589645 0.514575 0.0956831 0.0874872 0.135587 0.124114 -0.00526672 -0.0043508 0.0305921 0.0284071 -0.0112007 -0.0099792 0.0224743 0.0206736 -0.0141485 -0.0126943 0.0062859 0.00567125 -0.00532493 -0.00473137 0.000982907 0.000874674
0.39 5.46 1.07533 0.899371 1.07444 0.898049 1.11758 0.938106 1.1207 0.940942 0.945806 0.798367 0.988004 0.837053 0.548035 0.474896 0.589876 0.513254 0.095539 0.0872048 0.135591 0.123915 -0.00535307 -0.00441207 0.0306636 0.0284399 -0.011284 -0.0100337 0.0225522 0.0207171 -0.0142389 -0.0127516 0.00632353 0.00569526 -0.00536673 -0.0047584 0.000990416 0.000879541
0.4 5.6 1.07616 0.896466 1.07545 0.89511 1.11858 0.935301 1.12223 0.938426 0.946412 0.795881 0.98878 0.834667 0.548153 0.473547 0.590165 0.512005 0.0954053 0.0869346 0.13563 0.12375 -0.00544458 -0.00447774 0.0307527 0.0284891 -0.0113754 -0.0100953 0.0226436 0.0207732 -0.0143391 -0.0128175 0.00636537 0.00572308 -0.00541244 -0.00478886 0.000998636 0.000885036
0.41 5.74 1.07704 0.893653 1.07651 0.892279 1.11965 0.932612 1.12385 0.936047 0.947064 0.793478 0.989628 0.832387 0.548308 0.47225 0.590515 0.510833 0.0952828 0.0866776 0.135704 0.12362 -0.00554151 -0.00454801 0.0308599 0.0285552 -0.0114751 -0.0101643 0.0227492 0.0208422 -0.0144494 -0.0128924 0.00641161 0.00575486 -0.00546224 -0.00482289 0.0010076 0.000891185
0.42 5.88 1.07796 0.890936 1.07764 0.889558 1.1208 0.930041 1.12557 0.933811 0.947765 0.79116 0.99055 0.830216 0.548502 0.47101 0.59093 0.509739 0.0951724 0.0864346 0.135816 0.123528 -0.00564414 -0.00462308 0.0309862 0.0286389 -0.0115836 -0.0102411 0.0228696 0.0209248 -0.0145703 -0.0129767 0.00646246 0.00579076 -0.00551633 -0.00486066 0.00101735 0.000898017
0.43 6.02 1.07894 0.888315 1.07883 0.886948 1.12203 0.927591 1.1274 0.93172 0.948517 0.78893 0.99155 0.828157 0.548736 0.469827 0.591413 0.508728 0.0950751 0.0862063 0.135968 0.123474 -0.00575278 -0.00470317 0.0311322 0.0287408 -0.0117013 -0.010326 0.0230053 0.0210214 -0.0147023 -0.0130709 0.00651814 0.00583097 -0.00557492 -0.00490232 0.00102791 0.000905565
0.44 6.16 1.07997 0.885794 1.08008 0.88445 1.12333 0.925266 1.12933 0.929779 0.949321 0.786789 0.99263 0.826212 0.549014 0.468703 0.591967 0.507802 0.0949917 0.0859935 0.136162 0.123462 -0.00586777 -0.00478857 0.0312988 0.0288616 -0.0118288 -0.0104194 0.023157 0.0211326 -0.014846 -0.0131753 0.00657889 0.00587567 -0.00563824 -0.00494806 0.00103934 0.00091386
0.45 6.3 1.08106 0.883371 1.0814 0.882066 1.12473 0.923067 1.13137 0.92799 0.950179 0.784738 0.993794 0.824384 0.549336 0.46764 0.592595 0.506962 0.0949231 0.085797 0.136401 0.123492 -0.00598947 -0.00487954 0.0314869 0.0290021 -0.0119665 -0.0105216 0.0233255 0.0212589 -0.015002 -0.0132905 0.00664497 0.00592508 -0.00570655 -0.00499807 0.00105168 0.00092294
0.46 6.44 1.0822 0.881049 1.08279 0.879796 1.1262 0.920995 1.13352 0.926356 0.95109 0.782778 0.995043 0.822675 0.549704 0.466639 0.5933 0.506213 0.09487 0.0856174 0.136685 0.123567 -0.00611832 -0.00497642 0.0316974 0.0291631 -0.012115 -0.0106332 0.0235115 0.0214011 -0.0151709 -0.0134169 0.00671665 0.00597941 -0.00578013 -0.00505258 0.00106498 0.000932844
0.47 6.58 1.08339 0.878826 1.08424 0.877638 1.12777 0.919052 1.13578 0.924878 0.952056 0.780908 0.996378 0.821086 0.550119 0.4657 0.594085 0.505555 0.0948332 0.0854554 0.137019 0.123688 -0.00625482 -0.00507961 0.0319315 0.0293454 -0.0122749 -0.0107547 0.0237158 0.0215598 -0.0153534 -0.0135551 0.00679423 0.00603892 -0.00585931 -0.00511186 0.0010793 0.000943619
0.48 6.72 1.08464 0.876701 1.08575 0.875592 1.12942 0.917239 1.13816 0.923558 0.953074 0.779129 0.9978 0.819618 0.550582 0.464825 0.594952 0.504991 0.0948137 0.0853119 0.137404 0.123858 -0.00639946 -0.00518948 0.0321902 0.0295501 -0.0124469 -0.0108866 0.0239394 0.0217357 -0.0155503 -0.0137059 0.00687804 0.00610386 -0.00594441 -0.00517615 0.0010947 0.000955311
0.49 6.86 1.08593 0.874674 1.08732 0.873656 1.13115 0.915554 1.14066 0.922397 0.954144 0.77744 0.99931 0.818271 0.551093 0.464013 0.595904 0.504523 0.0948121 0.0851874 0.137842 0.12408 -0.0065528 -0.00530648 0.0324746 0.0297781 -0.0126316 -0.0110294 0.0241833 0.0219298 -0.0157625 -0.0138697 0.00696842 0.00617453 -0.00603579 -0.00524574 0.00111123 0.000967971
0.5 7 1.08728 0.872742 1.08895 0.871827 1.13297 0.913999 1.14327 0.921396 0.955263 0.775838 1.00091 0.817046 0.551654 0.463266 0.596943 0.504153 0.0948295 0.0850827 0.138338 0.124354 -0.00671542 -0.00543107 0.0327861 0.0300305 -0.01283 -0.0111837 0.0244485 0.0221428 -0.0159908 -0.0140474 0.00706576 0.00625125 -0.00613381 -0.00532092 0.00112897 0.000981654
0.51 7.14 1.08866 0.870903 1.09063 0.870103 1.13488 0.912572 1.14599 0.920555 0.95643 0.774323 1.00259 0.815944 0.552264 0.462583 0.598071 0.503883 0.0948666 0.0849987 0.138894 0.124685 -0.00688798 -0.00556377 0.0331261 0.0303085 -0.0130427 -0.0113504 0.0247361 0.0223758 -0.0162362 -0.0142397 0.00717048 0.00633434 -0.0062389 -0.00540202 0.001148 0.000996422
0.52 7.28 1.09009 0.869154 1.09236 0.86848 1.13686 0.911272 1.14883 0.919876 0.957642 0.772893 1.00437 0.814962 0.552923 0.461965 0.599292 0.503715 0.0949244 0.084936 0.139512 0.125074 -0.00707121 -0.00570516 0.0334962 0.0306135 -0.0132707 -0.01153 0.0250474 0.0226299 -0.0164997 -0.0144475 0.00728301 0.00642418 -0.00635151 -0.00548941 0.00116839 0.00101234
0.53 7.42 1.09155 0.867491 1.09412 0.866954 1.13893 0.910099 1.15178 0.919357 0.958894 0.771544 1.00622 0.814103 0.553633 0.461412 0.600608 0.503651 0.0950038 0.0848955 0.140197 0.125524 -0.00726591 -0.00585588 0.0338979 0.0309468 -0.0135151 -0.0117235 0.0253839 0.0229062 -0.0167826 -0.0146718 0.00740388 0.0065212 -0.00647214 -0.0055835 0.00119025 0.00102948
0.54 7.56 1.09304 0.865911 1.09592 0.86552 1.14107 0.90905 1.15485 0.919 0.960184 0.770274 1.00817 0.813365 0.554392 0.460923 0.602021 0.503694 0.0951059 0.0848781 0.140953 0.12604 -0.00747299 -0.00601665 0.0343331 0.0313101 -0.0137769 -0.0119318 0.025747 0.023206 -0.0170861 -0.0149136 0.00753362 0.00662584 -0.0066014 -0.00568477 0.00121366 0.00104793
0.55 7.7 1.09455 0.86441 1.09775 0.864174 1.14329 0.908125 1.15802 0.918803 0.961507 0.769081 1.0102 0.812747 0.555201 0.460499 0.603535 0.503846 0.0952318 0.0848848 0.141783 0.126624 -0.00769339 -0.00618821 0.0348039 0.031705 -0.0140575 -0.0121559 0.0261385 0.0235307 -0.0174116 -0.0151742 0.00767283 0.0067386 -0.00673988 -0.00579369 0.00123875 0.00106778
0.56 7.84 1.09608 0.862984 1.0996 0.862909 1.14558 0.907322 1.16131 0.918768 0.962859 0.767961 1.01231 0.81225 0.556059 0.460139 0.605154 0.50411 0.0953827 0.0849165 0.142693 0.127281 -0.00792818 -0.00637141 0.0353125 0.0321336 -0.0143581 -0.0123968 0.0265601 0.023882 -0.0177608 -0.0154547 0.00782217 0.00686003 -0.00688825 -0.00591079 0.00126563 0.00108912
0.57 7.98 1.09762 0.861627 1.10145 0.861721 1.14794 0.906639 1.1647 0.918894 0.964235 0.76691 1.0145 0.811874 0.556969 0.459844 0.606881 0.50449 0.0955599 0.0849744 0.143687 0.128014 -0.00817849 -0.00656718 0.0358614 0.0325979 -0.0146802 -0.0126558 0.0270139 0.0242616 -0.0181353 -0.0157565 0.00798238 0.00699075 -0.00704723 -0.00603668 0.00129443 0.00111207
0.58 8.12 1.09916 0.860335 1.10331 0.860603 1.15036 0.906075 1.1682 0.919183 0.96563 0.765926 1.01678 0.811618 0.557929 0.459615 0.608721 0.504989 0.095765 0.0850599 0.144771 0.128829 -0.00844564 -0.00677654 0.0364533 0.0331004 -0.0150255 -0.0129342 0.0275022 0.0246713 -0.018537 -0.0160814 0.00815426 0.00713141 -0.00721765 -0.006172 0.00132531 0.00113673
0.59 8.26 1.1007 0.859104 1.10516 0.859549 1.15285 0.90563 1.17181 0.919635 0.967041 0.765005 1.01914 0.811483 0.55894 0.459452 0.61068 0.505612 0.0959995 0.0851744 0.145952 0.12973 -0.00873105 -0.00700065 0.0370912 0.0336436 -0.0153958 -0.0132336 0.0280275 0.0251134 -0.018968 -0.0164309 0.00833872 0.00728278 -0.00740042 -0.0063175 0.00135843 0.00116326
0.6 8.4 1.10224 0.857929 1.10699 0.858553 1.1554 0.905303 1.17552 0.920252 0.968462 0.764145 1.02158 0.811471 0.560005 0.459355 0.612765 0.506365 0.0962654 0.0853195 0.147236 0.130725 -0.00903637 -0.00724081 0.0377786 0.0342306 -0.0157932 -0.0135557 0.0285925 0.0255903 -0.0194308 -0.0168071 0.00853677 0.00744571 -0.00759661 -0.00647403 0.00139397 0.00119179
0.61 8.54 1.10375 0.856805 1.1088 0.857607 1.15801 0.905095 1.17934 0.921037 0.969889 0.763342 1.0241 0.811584 0.561124 0.459327 0.614982 0.507254 0.0965648 0.0854969 0.148631 0.131819 -0.00936342 -0.00749849 0.0385194 0.0348646 -0.0162201 -0.0139024 0.0292006 0.0261046 -0.019928 -0.0172122 0.00874954 0.00762113 -0.00780739 -0.00664254 0.00143215 0.00122251
0.62 8.68 1.10524 0.855729 1.11057 0.856705 1.16069 0.905008 1.18328 0.921995 0.97132 0.762594 1.02671 0.811826 0.562302 0.45937 0.617342 0.508287 0.0969001 0.085709 0.150147 0.133021 -0.00971418 -0.00777528 0.0393176 0.0355493 -0.0166789 -0.0142757 0.029855 0.0266594 -0.0204626 -0.0176486 0.00897828 0.0078101 -0.00803401 -0.00682406 0.0014732 0.0012556
0.63 8.82 1.10671 0.854697 1.11229 0.855843 1.16343 0.905045 1.18732 0.923132 0.972751 0.761901 1.02942 0.812201 0.563542 0.459487 0.619856 0.509473 0.0972741 0.085958 0.151793 0.134339 -0.0100909 -0.008073 0.0401784 0.036289 -0.0171726 -0.0146782 0.03056 0.0272581 -0.0210379 -0.0181191 0.00922442 0.00801381 -0.00827794 -0.00701974 0.00151738 0.00129126
0.64 8.96 1.10814 0.853709 1.11396 0.855013 1.16623 0.90521 1.19149 0.924455 0.974183 0.761262 1.03222 0.812716 0.564848 0.459683 0.622537 0.510823 0.09769 0.0862469 0.153581 0.135782 -0.0104963 -0.0083937 0.041107 0.0370884 -0.0177045 -0.0151124 0.0313199 0.0279046 -0.0216578 -0.0186269 0.00948958 0.00823361 -0.00854081 -0.00723093 0.00156498 0.00132975
0.65 9.1 1.10954 0.852762 1.11557 0.854213 1.16912 0.905512 1.19579 0.925975 0.975616 0.760678 1.03514 0.813381 0.56623 0.459962 0.625402 0.512352 0.0981516 0.0865789 0.155524 0.137363 -0.010933 -0.00873973 0.0421096 0.0379529 -0.0182784 -0.0155815 0.0321399 0.0286032 -0.0223265 -0.0191754 0.00977559 0.00847104 -0.00882448 -0.00745912 0.00161634 0.00137134
0.66 9.24 1.1109 0.851859 1.11711 0.853437 1.17209 0.905961 1.20024 0.927707 0.977053 0.760153 1.03818 0.814209 0.567694 0.460333 0.628471 0.514076 0.0986632 0.0869579 0.157637 0.139094 -0.0114046 -0.00911376 0.0431935 0.0388887 -0.0188984 -0.016089 0.0330258 0.029359 -0.0230491 -0.0197689 0.0100845 0.00872785 -0.0091311 -0.00770606 0.00167186 0.00141635
0.67 9.38 1.11224 0.851002 1.11858 0.852685 1.17516 0.906571 1.20485 0.929668 0.9785 0.759692 1.04137 0.815214 0.569254 0.460804 0.631768 0.516015 0.0992298 0.0873882 0.159938 0.14099 -0.0119149 -0.0095189 0.0443668 0.0399029 -0.0195696 -0.0166391 0.0339843 0.0301778 -0.0238311 -0.020412 0.0104188 0.00900605 -0.00946318 -0.00797377 0.00173196 0.00146513
0.68 9.52 1.11355 0.850199 1.11997 0.851957 1.17836 0.90736 1.20966 0.931882 0.979968 0.759303 1.04472 0.816417 0.570923 0.461388 0.635322 0.518192 0.0998573 0.087875 0.162447 0.143069 -0.0124682 -0.00995864 0.0456387 0.0410036 -0.0202975 -0.0172362 0.0350231 0.0310662 -0.024679 -0.0211101 0.0107812 0.00930794 -0.0098235 -0.00826452 0.00179717 0.0015181
0.69 9.66 1.11485 0.849458 1.12129 0.851255 1.1817 0.908351 1.21468 0.934377 0.981469 0.758998 1.04827 0.817845 0.572721 0.4621 0.639169 0.520637 0.100553 0.0884246 0.165187 0.145351 -0.0130696 -0.010437 0.0470202 0.0422002 -0.0210887 -0.0178859 0.0361511 0.0320318 -0.0256005 -0.0218694 0.0111748 0.00963621 -0.0102153 -0.00858094 0.00186806 0.00157574
0.7 9.8 1.11616 0.848794 1.12255 0.850585 1.18524 0.909577 1.21997 0.937192 0.983024 0.758793 1.05205 0.819529 0.574671 0.462957 0.64335 0.523386 0.101324 0.089044 0.168185 0.147858 -0.013725 -0.0109589 0.0485239 0.0435038 -0.0219508 -0.0185943 0.0373786 0.0330835 -0.0266042 -0.0226972 0.0116034 0.00999396 -0.0106424 -0.0089261 0.00194532 0.00163861
0.71 9.94 1.11749 0.848227 1.12374 0.849958 1.18901 0.911075 1.22558 0.940371 0.984661 0.758709 1.05613 0.821511 0.576802 0.463985 0.647918 0.526479 0.102182 0.0897418 0.171474 0.150619 -0.0144413 -0.0115296 0.0501644 0.0449271 -0.0228925 -0.0193689 0.0387179 0.0342319 -0.0277003 -0.0236019 0.0120713 0.0103848 -0.0111093 -0.00930358 0.00202975 0.00170736
0.72 10.08 1.11889 0.847784 1.1249 0.849386 1.19307 0.912895 1.23157 0.943972 0.986414 0.758776 1.06055 0.823841 0.579151 0.46521 0.652935 0.529969 0.103136 0.090528 0.175092 0.153667 -0.0152266 -0.0121558 0.0519592 0.0464854 -0.0239244 -0.0202181 0.0401831 0.0354891 -0.0289009 -0.0245934 0.0125836 0.0108131 -0.011621 -0.00971762 0.00212228 0.00178275
0.73 10.22 1.12039 0.847498 1.12605 0.848893 1.19751 0.915097 1.23803 0.948066 0.988331 0.759028 1.06539 0.826582 0.581761 0.46667 0.658477 0.533919 0.104201 0.0914144 0.179081 0.157038 -0.0160905 -0.0128452 0.0539287 0.0481964 -0.0250588 -0.0211522 0.041791 0.0368697 -0.0302203 -0.0256838 0.0131464 0.0112838 -0.012184 -0.0101733 0.00222405 0.00186572
0.74 10.36 1.12206 0.847416 1.12721 0.848505 1.2024 0.91776 1.24506 0.952742 0.990468 0.759513 1.07076 0.829812 0.584689 0.468408 0.664637 0.538403 0.105392 0.0924148 0.183497 0.16078 -0.0170446 -0.013607 0.0560975 0.0500815 -0.0263105 -0.0221835 0.0435618 0.038391 -0.0316754 -0.0268869 0.0137668 0.011803 -0.0128055 -0.0106766 0.00233636 0.00195732
0.75 10.5 1.12396 0.847594 1.12845 0.848259 1.20788 0.920978 1.25279 0.958108 0.992903 0.760289 1.07677 0.833628 0.588003 0.470479 0.671528 0.543515 0.106729 0.0935457 0.188401 0.164946 -0.0181025 -0.0144522 0.0584947 0.0521662 -0.027697 -0.0233264 0.0455195 0.0400737 -0.0332866 -0.0282197 0.0144533 0.0123779 -0.0134944 -0.0112346 0.00246082 0.00205888
0.76 10.64 1.12619 0.848106 1.12981 0.848205 1.21409 0.92487 1.26138 0.9643 0.99573 0.76143 1.08357 0.83815 0.591786 0.472949 0.679288 0.549368 0.108232 0.0948266 0.19387 0.169601 -0.0192808 -0.0153942 0.0611558 0.0544814 -0.0292398 -0.0245987 0.0476931 0.0419428 -0.0350785 -0.0297026 0.0152166 0.0130173 -0.0142613 -0.011856 0.00259934 0.00217196
0.77 10.78 1.12887 0.849043 1.13138 0.848405 1.22121 0.929586 1.27104 0.971488 0.999067 0.763029 1.09135 0.843527 0.596145 0.475903 0.688088 0.556101 0.109928 0.0962806 0.199996 0.174825 -0.0205998 -0.0164491 0.0641239 0.0570645 -0.0309647 -0.0260217 0.0501181 0.0440289 -0.0370809 -0.0313604 0.0160691 0.0137318 -0.0151193 -0.0125514 0.00275428 0.00229847
0.78 10.92 1.13215 0.850523 1.13327 0.848938 1.22947 0.935309 1.28202 0.97988 1.00307 0.765202 1.10034 0.849944 0.601208 0.479442 0.698138 0.563886 0.111849 0.0979351 0.206888 0.180714 -0.0220843 -0.0176371 0.0674518 0.0599618 -0.0329037 -0.0276219 0.0528379 0.0463694 -0.0393309 -0.0332237 0.0170265 0.0145345 -0.0160844 -0.0133337 0.00292851 0.00244078
0.79 11.06 1.13622 0.852691 1.13559 0.849904 1.23918 0.942272 1.29464 0.98974 1.00792 0.768096 1.11082 0.857633 0.607138 0.483696 0.7097 0.572937 0.114032 0.0998238 0.214686 0.187385 -0.0237655 -0.0189831 0.071205 0.0632302 -0.0350966 -0.0294321 0.0559063 0.0490106 -0.0418741 -0.0353303 0.0181082 0.0154416 -0.0171766 -0.0142192 0.00312563 0.00260182
0.8 11.2 1.14132 0.855734 1.13852 0.851433 1.25068 0.950769 1.30929 1.0014 1.01385 0.771896 1.12316 0.866887 0.614136 0.488826 0.723103 0.583522 0.116524 0.101988 0.223561 0.194988 -0.0256822 -0.0205182 0.0754656 0.0669412 -0.0375933 -0.0314936 0.0593908 0.0520108 -0.044768 -0.037728 0.0193383 0.0164735 -0.018421 -0.0152281 0.00335013 0.00278527
0.81 11.34 1.14776 0.859887 1.14227 0.853684 1.26445 0.961169 1.32649 1.01528 1.02119 0.776836 1.13783 0.878075 0.622458 0.495033 0.738761 0.595979 0.119384 0.104482 0.23373 0.203709 -0.0278838 -0.0222823 0.0803375 0.0711854 -0.0404568 -0.0338584 0.0633768 0.0554434 -0.0480851 -0.0404768 0.0207477 0.017656 -0.0198491 -0.0163861 0.00360771 0.00299577
0.82 11.48 1.15593 0.865451 1.14709 0.856866 1.28108 0.973948 1.34689 1.03191 1.0303 0.783215 1.15541 0.891671 0.63243 0.502576 0.757202 0.610739 0.122685 0.107369 0.24547 0.213788 -0.0304337 -0.0243261 0.0859536 0.0760786 -0.0437681 -0.0365934 0.0679738 0.0594027 -0.0519189 -0.0436541 0.0223756 0.0190221 -0.0215017 -0.0177261 0.00390569 0.00323931
0.83 11.62 1.16633 0.872814 1.15335 0.86124 1.30135 0.98972 1.37134 1.052 1.04169 0.791421 1.17667 0.908285 0.644467 0.511786 0.779108 0.628359 0.126524 0.110737 0.259139 0.225533 -0.0334147 -0.0267162 0.0924865 0.0817711 -0.0476327 -0.0397859 0.0733239 0.0640112 -0.0563906 -0.0473604 0.0242733 0.0206149 -0.0234318 -0.0192911 0.0042536 0.00352368
0.84 11.76 1.17962 0.882482 1.16146 0.867148 1.32626 1.00929 1.40092 1.07646 1.05602 0.801954 1.20261 0.928719 0.659111 0.523089 0.805371 0.649565 0.131023 0.114693 0.275209 0.239351 -0.0369362 -0.0295406 0.100164 0.0884612 -0.0521902 -0.043551 0.0796147 0.0694304 -0.0616608 -0.0517288 0.0265086 0.0224913 -0.0257096 -0.0211378 0.00466405 0.00385918
0.85 11.9 1.19666 0.895122 1.17202 0.875032 1.35714 1.03372 1.43712 1.10649 1.07413 0.815477 1.23456 0.954035 0.677073 0.537051 0.83717 0.67532 0.136343 0.119382 0.294308 0.255783 -0.041146 -0.0329179 0.109292 0.0964148 -0.0576284 -0.0480439 0.0870979 0.0758769 -0.0679453 -0.0569379 0.0291725 0.0247275 -0.0284295 -0.0233428 0.005154 0.00425966
0.86 12.04 1.21863 0.911627 1.18578 0.885478 1.39581 1.06446 1.48192 1.14373 1.09718 0.83288 1.27431 0.985669 0.699302 0.554423 0.876099 0.706922 0.142699 0.124996 0.31729 0.275567 -0.0462469 -0.0370113 0.120286 0.105995 -0.0642046 -0.053477 0.0961178 0.083647 -0.0755399 -0.0632326 0.0323897 0.0274282 -0.0317211 -0.0260108 0.00574674 0.00474412
0.87 12.18 1.24711 0.933222 1.20376 0.899274 1.44475 1.10349 1.53805 1.19046 1.12675 0.855377 1.32434 1.0256 0.727093 0.576228 0.924349 0.746162 0.150385 0.1318 0.345344 0.299727 -0.0525233 -0.0420491 0.133732 0.117709 -0.0722794 -0.060148 0.107156 0.093155 -0.0848585 -0.0709558 0.0363347 0.0307399 -0.035766 -0.0292888 0.00647487 0.0053392
0.88 12.32 1.28433 0.961616 1.22737 0.917498 1.50747 1.15361 1.60939 1.24988 1.16504 0.884669 1.38814 1.07663 0.762241 0.603887 0.985005 0.795555 0.159813 0.140161 0.380164 0.329723 -0.0603849 -0.0483608 0.150462 0.132284 -0.0823712 -0.0684847 0.120901 0.104994 -0.0964962 -0.0805998 0.0412582 0.0348728 -0.0408253 -0.0333879 0.00738528 0.00608314
0.89 12.46 1.33347 0.999264 1.25857 0.941663 1.58909 1.21892 1.70155 1.32666 1.21521 0.923196 1.47078 1.14281 0.80731 0.639431 1.06254 0.858752 0.171569 0.150609 0.424234 0.367696 -0.0704396 -0.056435 0.171711 0.150791 -0.0952475 -0.0791207 0.138373 0.120041 -0.111333 -0.0928934 0.0475311 0.0401379 -0.0472859 -0.0386209 0.00854743 0.00703264
0.9 12.6 1.39928 1.04981 1.3002 0.973957 1.69723 1.30552 1.82301 1.4278 1.28196 0.974579 1.57987 1.23025 0.866077 0.685848 1.16363 0.941218 0.186528 0.163928 0.481326 0.416896 -0.0836204 -0.0670217 0.199358 0.174866 -0.112084 -0.0930261 0.161128 0.139633 -0.130718 -0.108952 0.0557207 0.0470109 -0.0557408 -0.0454672 0.0100677 0.00827451
0.91 12.74 1.48906 1.11887 1.35655 1.01766 1.84385 1.42297 1.98697 1.56432 1.37252 1.0444 1.72726 1.34846 0.944365 0.747761 1.29875 1.05151 0.206034 0.18133 0.557399 0.482458 -0.10142 -0.0813207 0.236394 0.207107 -0.134759 -0.11175 0.19164 0.165899 -0.156802 -0.130554 0.0667317 0.0562503 -0.0671375 -0.0546924 0.0121162 0.0099474
0.92 12.88 1.61461 1.21554 1.43426 1.0779 2.0485 1.58696 2.21516 1.75428 1.49856 1.14167 1.93241 1.51305 1.05163 0.832667 1.4851 1.20373 0.232259 0.204779 0.662352 0.572909 -0.126346 -0.101349 0.287816 0.251857 -0.166419 -0.137888 0.234051 0.202396 -0.193189 -0.160682 0.08208 0.0691266 -0.0830663 -0.0675809 0.014978 0.0122839
0.93 13.02 1.79618 1.35538 1.5444 1.16314 2.34523 1.82478 2.54548 2.02926 1.68011 1.28184 2.22912 1.7512 1.20416 0.953487 1.75277 1.42251 0.268928 0.237645 0.813652 0.703295 -0.16288 -0.13071 0.362498 0.316825 -0.212681 -0.176073 0.295721 0.255451 -0.246305 -0.204647 0.104466 0.0879025 -0.106364 -0.0864236 0.0191619 0.0156986
0.94 13.16 2.07117 1.56723 1.70649 1.28835 2.79799 2.1878 3.04925 2.44881 1.95411 1.49346 2.68088 2.11399 1.43221 1.13424 2.15855 1.75439 0.322921 0.28617 1.0446 0.902294 -0.21968 -0.176366 0.477473 0.416801 -0.284366 -0.235226 0.390787 0.337206 -0.328525 -0.272678 0.139087 0.116933 -0.142501 -0.115637 0.0256487 0.0209911
0.95 13.3 2.51597 1.90998 1.95827 1.48251 3.53964 2.78286 3.87493 3.13711 2.39591 1.83479 3.41953 2.70763 1.79793 1.42423 2.82105 2.29665 0.408267 0.363116 1.42549 1.23043 -0.315266 -0.253212 0.668938 0.583209 -0.404577 -0.334392 0.549324 0.473489 -0.46625 -0.386593 0.197025 0.165501 -0.203168 -0.164655 0.0365332 0.0298682
