
************ Fit covar results *************
		 [ i*ndim + j ] 
0.000200072 1 0 0
0.000902245 0.494018 0 1
8.17834e-05 0.41257 0 2
0 0 0 3
0 0 0 4
-2.4005e-05 -0.376762 0 5
-5.65292e-05 -0.406533 0 6
0.000902245 0.494018 1 0
0.0166716 1 1 1
0.00132143 0.730267 1 2
0 0 1 3
0 0 1 4
5.84043e-07 0.00100419 1 5
2.53525e-06 0.00199733 1 6
8.17834e-05 0.41257 2 0
0.00132143 0.730267 2 1
0.000196404 1 2 2
0 0 2 3
0 0 2 4
-3.49877e-05 -0.554242 2 5
-8.40997e-05 -0.61043 2 6
0 0 3 0
0 0 3 1
0 0 3 2
0 0 3 3
0 0 3 4
0 0 3 5
0 0 3 6
0 0 4 0
0 0 4 1
0 0 4 2
0 0 4 3
0 0 4 4
0 0 4 5
0 0 4 6
-2.4005e-05 -0.376762 5 0
5.84043e-07 0.00100419 5 1
-3.49877e-05 -0.554242 5 2
0 0 5 3
0 0 5 4
2.029e-05 1 5 5
3.85474e-05 0.870503 5 6
-5.65292e-05 -0.406533 6 0
2.53525e-06 0.00199733 6 1
-8.40997e-05 -0.61043 6 2
0 0 6 3
0 0 6 4
3.85474e-05 0.870503 6 5
9.66423e-05 1 6 6
**********************************************
