
************ Fit covar results *************
		 [ i*ndim + j ] 
0.00149008 1 0 0
0.00257049 0.106142 0 1
-0.000446347 -0.0965591 0 2
0.00418812 0.210122 0 3
-7.51349e-05 -0.182334 0 4
0 0 0 5
0.00257049 0.106142 1 0
0.393591 1 1 1
0.0697716 0.928711 1 2
-0.281458 -0.868857 1 3
-7.19921e-05 -0.0107496 1 4
0 0 1 5
-0.000446347 -0.0965591 2 0
0.0697716 0.928711 2 1
0.01434 1 2 2
-0.0585488 -0.946891 2 3
-0.000296466 -0.231915 2 4
0 0 2 5
0.00418812 0.210122 3 0
-0.281458 -0.868857 3 1
-0.0585488 -0.946891 3 2
0.266615 1 3 3
6.86313e-05 0.0124511 3 4
0 0 3 5
-7.51349e-05 -0.182334 4 0
-7.19921e-05 -0.0107496 4 1
-0.000296466 -0.231915 4 2
6.86313e-05 0.0124511 4 3
0.000113957 1 4 4
0 0 4 5
0 0 5 0
0 0 5 1
0 0 5 2
0 0 5 3
0 0 5 4
0 0 5 5
**********************************************
