
************ Fit covar results *************
		 [ i*ndim + j ] 
0.00133251 1 0 0
0.00253238 0.341617 0 1
0.000653167 0.626663 0 2
-0.0252524 -0.883615 0 3
0.0391511 0.898994 0 4
0.000233023 0.673513 0 5
-0.000175797 -0.456053 0 6
0.00253238 0.341617 1 0
0.0412389 1 1 1
0.00436124 0.752145 1 2
-0.0481367 -0.302775 1 3
0.0563443 0.232565 1 4
0.000723685 0.375992 1 5
-0.000212726 -0.0991986 1 6
0.000653167 0.626663 2 0
0.00436124 0.752145 2 1
0.000815285 1 2 2
-0.0163621 -0.731949 2 3
0.0228306 0.67021 2 4
0.000164414 0.607531 2 5
-0.000160694 -0.532949 2 6
-0.0252524 -0.883615 3 0
-0.0481367 -0.302775 3 1
-0.0163621 -0.731949 3 2
0.612924 1 3 3
-0.928658 -0.994261 3 4
-0.00644883 -0.869081 3 5
0.00301331 0.364485 3 6
0.0391511 0.898994 4 0
0.0563443 0.232565 4 1
0.0228306 0.67021 4 2
-0.928658 -0.994261 4 3
1.42333 1 4 4
0.00955738 0.845221 4 5
-0.00458795 -0.364172 4 6
0.000233023 0.673513 5 0
0.000723685 0.375992 5 1
0.000164414 0.607531 5 2
-0.00644883 -0.869081 5 3
0.00955738 0.845221 5 4
8.98326e-05 1 5 5
5.94622e-06 0.0594106 5 6
-0.000175797 -0.456053 6 0
-0.000212726 -0.0991986 6 1
-0.000160694 -0.532949 6 2
0.00301331 0.364485 6 3
-0.00458795 -0.364172 6 4
5.94622e-06 0.0594106 6 5
0.000111512 1 6 6
**********************************************
