
************ Fit covar results *************
		 [ i*ndim + j ] 
0.00155928 1 0 0
0.00387362 0.413942 0 1
0.000603321 0.519202 0 2
-0.0362163 -0.895687 0 3
0.049967 0.924512 0 4
0.000214038 0.620964 0 5
-0.000175996 -0.425279 0 6
0.00387362 0.413942 1 0
0.0561604 1 1 1
0.0059057 0.846849 1 2
-0.106196 -0.437631 1 3
0.0975444 0.300731 1 4
0.00106386 0.514287 1 5
-0.000365946 -0.147345 1 6
0.000603321 0.519202 2 0
0.0059057 0.846849 2 1
0.000865964 1 2 2
-0.0198367 -0.658317 2 3
0.0205864 0.511118 2 4
0.000145518 0.566505 2 5
-0.000155057 -0.502778 2 6
-0.0362163 -0.895687 3 0
-0.106196 -0.437631 3 1
-0.0198367 -0.658317 3 2
1.0485 1 3 3
-1.36885 -0.9767 3 4
-0.00735595 -0.822984 3 5
0.0037534 0.349764 3 6
0.049967 0.924512 4 0
0.0975444 0.300731 4 1
0.0205864 0.511118 4 2
-1.36885 -0.9767 4 3
1.87334 1 4 4
0.00894092 0.748362 4 5
-0.0049115 -0.342405 4 6
0.000214038 0.620964 5 0
0.00106386 0.514287 5 1
0.000145518 0.566505 5 2
-0.00735595 -0.822984 5 3
0.00894092 0.748362 5 4
7.61947e-05 1 5 5
1.13574e-05 0.124151 5 6
-0.000175996 -0.425279 6 0
-0.000365946 -0.147345 6 1
-0.000155057 -0.502778 6 2
0.0037534 0.349764 6 3
-0.0049115 -0.342405 6 4
1.13574e-05 0.124151 6 5
0.000109833 1 6 6
**********************************************
