0.2 2.8 1.07109 0.962375
0.21 2.94 1.0725 0.95842
0.22 3.08 1.07374 0.954399
0.23 3.22 1.07482 0.950335
0.24 3.36 1.07576 0.946249
0.25 3.5 1.07659 0.942161
0.26 3.64 1.07733 0.938089
0.27 3.78 1.07798 0.934049
0.28 3.92 1.07856 0.930058
0.29 4.06 1.0791 0.926129
0.3 4.2 1.0796 0.922273
0.31 4.34 1.08007 0.918504
0.32 4.48 1.08053 0.91483
0.33 4.62 1.08098 0.91126
0.34 4.76 1.08144 0.907804
0.35 4.9 1.08191 0.904467
0.36 5.04 1.0824 0.901255
0.37 5.18 1.08291 0.898174
0.38 5.32 1.08346 0.895227
0.39 5.46 1.08404 0.892418
0.4 5.6 1.08466 0.889749
0.41 5.74 1.08532 0.887222
0.42 5.88 1.08602 0.884838
0.43 6.02 1.08677 0.882597
0.44 6.16 1.08755 0.880497
0.45 6.3 1.08838 0.878538
0.46 6.44 1.08925 0.876717
0.47 6.58 1.09015 0.875032
0.48 6.72 1.09108 0.873478
0.49 6.86 1.09205 0.872052
0.5 7 1.09303 0.870748
0.51 7.14 1.09403 0.869561
0.52 7.28 1.09504 0.868485
0.53 7.42 1.09606 0.867512
0.54 7.56 1.09706 0.866635
0.55 7.7 1.09805 0.865846
0.56 7.84 1.099 0.865136
0.57 7.98 1.09992 0.864495
0.58 8.12 1.1008 0.863916
0.59 8.26 1.10161 0.863387
0.6 8.4 1.10234 0.862898
0.61 8.54 1.103 0.86244
0.62 8.68 1.10355 0.862002
0.63 8.82 1.104 0.861576
0.64 8.96 1.10434 0.861151
0.65 9.1 1.10454 0.860719
0.66 9.24 1.10462 0.860274
0.67 9.38 1.10455 0.859811
0.68 9.52 1.10434 0.859325
0.69 9.66 1.10399 0.858818
0.7 9.8 1.10351 0.858292
0.71 9.94 1.1029 0.857755
0.72 10.08 1.10219 0.857222
0.73 10.22 1.10141 0.856712
0.74 10.36 1.10059 0.856256
0.75 10.5 1.0998 0.855893
0.76 10.64 1.09909 0.855677
0.77 10.78 1.09856 0.855679
0.78 10.92 1.09833 0.85599
0.79 11.06 1.09854 0.856727
0.8 11.2 1.09939 0.858042
0.81 11.34 1.10113 0.860128
0.82 11.48 1.10407 0.863237
0.83 11.62 1.10862 0.867693
0.84 11.76 1.1153 0.873921
0.85 11.9 1.12483 0.882483
0.86 12.04 1.13812 0.894132
0.87 12.18 1.15648 0.909898
0.88 12.32 1.18167 0.931218
0.89 12.46 1.21625 0.960152
