0.2 2.8 1.06917 0.845234
0.21 2.94 1.06979 0.842077
0.22 3.08 1.07033 0.838902
0.23 3.22 1.07081 0.835719
0.24 3.36 1.07123 0.832539
0.25 3.5 1.0716 0.829368
0.26 3.64 1.07193 0.826215
0.27 3.78 1.07224 0.823088
0.28 3.92 1.07252 0.819994
0.29 4.06 1.07279 0.81694
0.3 4.2 1.07306 0.813934
0.31 4.34 1.07333 0.81098
0.32 4.48 1.07361 0.808085
0.33 4.62 1.07391 0.805255
0.34 4.76 1.07423 0.802492
0.35 4.9 1.07458 0.799803
0.36 5.04 1.07497 0.797191
0.37 5.18 1.07539 0.794658
0.38 5.32 1.07585 0.792207
0.39 5.46 1.07635 0.789842
0.4 5.6 1.07691 0.787562
0.41 5.74 1.07751 0.785371
0.42 5.88 1.07816 0.783269
0.43 6.02 1.07886 0.781256
0.44 6.16 1.07961 0.779332
0.45 6.3 1.08041 0.777496
0.46 6.44 1.08126 0.775749
0.47 6.58 1.08215 0.774089
0.48 6.72 1.08309 0.772514
0.49 6.86 1.08407 0.771022
0.5 7 1.08509 0.769611
0.51 7.14 1.08615 0.768278
0.52 7.28 1.08723 0.767021
0.53 7.42 1.08833 0.765836
0.54 7.56 1.08946 0.76472
0.55 7.7 1.0906 0.763669
0.56 7.84 1.09174 0.762679
0.57 7.98 1.09289 0.761748
0.58 8.12 1.09403 0.760872
0.59 8.26 1.09516 0.760047
0.6 8.4 1.09627 0.759272
0.61 8.54 1.09736 0.758542
0.62 8.68 1.09842 0.757858
0.63 8.82 1.09946 0.757219
0.64 8.96 1.10047 0.756625
0.65 9.1 1.10145 0.756081
0.66 9.24 1.1024 0.75559
0.67 9.38 1.10335 0.755161
0.68 9.52 1.10429 0.754806
0.69 9.66 1.10524 0.754539
0.7 9.8 1.10624 0.754381
0.71 9.94 1.10731 0.75436
0.72 10.08 1.10851 0.75451
0.73 10.22 1.10988 0.754876
0.74 10.36 1.11151 0.755514
0.75 10.5 1.11348 0.756495
0.76 10.64 1.11591 0.757908
0.77 10.78 1.11896 0.759863
0.78 10.92 1.12281 0.762501
0.79 11.06 1.12769 0.765996
0.8 11.2 1.13391 0.77057
0.81 11.34 1.14185 0.776502
0.82 11.48 1.15198 0.784154
0.83 11.62 1.16494 0.793989
0.84 11.76 1.18155 0.806614
0.85 11.9 1.2029 0.822838
0.86 12.04 1.23045 0.843747
0.87 12.18 1.26624 0.870844
0.88 12.32 1.31312 0.906244
0.89 12.46 1.37523 0.953016
