
************ Fit covar results *************
		 [ i*ndim + j ] 
0.000401355 1 0 0
-0.00361549 -0.668519 0 1
-0.000905671 -0.707023 0 2
-0.000624121 -0.169128 0 3
0.0128731 0.627016 0 4
-6.93989e-05 -0.626312 0 5
-4.87337e-05 -0.246242 0 6
-0.00361549 -0.668519 1 0
0.072875 1 1 1
0.0167051 0.9678 1 2
0.0236913 0.476442 1 3
-0.240129 -0.86799 1 4
0.000440178 0.294809 1 5
-0.000238472 -0.0894223 1 6
-0.000905671 -0.707023 2 0
0.0167051 0.9678 2 1
0.00408833 1 2 2
0.00608988 0.517066 2 3
-0.0609591 -0.930306 2 4
7.48558e-05 0.211668 2 5
-0.000137627 -0.217885 2 6
-0.000624121 -0.169128 3 0
0.0236913 0.476442 3 1
0.00608988 0.517066 3 2
0.0339296 1 3 3
-0.143673 -0.761106 3 4
-0.00022323 -0.219112 3 5
-2.97151e-05 -0.0163299 3 6
0.0128731 0.627016 4 0
-0.240129 -0.86799 4 1
-0.0609591 -0.930306 4 2
-0.143673 -0.761106 4 3
1.05022 1 4 4
-0.000728799 -0.128579 4 5
0.00126907 0.125355 4 6
-6.93989e-05 -0.626312 5 0
0.000440178 0.294809 5 1
7.48558e-05 0.211668 5 2
-0.00022323 -0.219112 5 3
-0.000728799 -0.128579 5 4
3.05912e-05 1 5 5
3.67345e-05 0.672317 5 6
-4.87337e-05 -0.246242 6 0
-0.000238472 -0.0894223 6 1
-0.000137627 -0.217885 6 2
-2.97151e-05 -0.0163299 6 3
0.00126907 0.125355 6 4
3.67345e-05 0.672317 6 5
9.759e-05 1 6 6
**********************************************
