
************ Fit covar results *************
		 [ i*ndim + j ] 
0.000336369 1 0 0
0.00223421 0.5996 0 1
0.000169937 0.379793 0 2
-0.000590076 -0.153204 0 3
0 0 0 4
-1.36398e-05 -0.125603 0 5
-5.85433e-05 -0.323927 0 6
0.00223421 0.5996 1 0
0.0412769 1 1 1
0.00408435 0.824015 1 2
-0.0300214 -0.703634 1 3
0 0 1 4
0.00054167 0.450278 1 5
-0.000121153 -0.0605142 1 6
0.000169937 0.379793 2 0
0.00408435 0.824015 2 1
0.000595207 1 2 2
-0.00439994 -0.858781 2 3
0 0 2 4
4.12495e-05 0.285551 2 5
-0.000108005 -0.44925 2 6
-0.000590076 -0.153204 3 0
-0.0300214 -0.703634 3 1
-0.00439994 -0.858781 3 2
0.0441022 1 3 3
0 0 3 4
-0.000791646 -0.63665 3 5
0.000186722 0.0902282 3 6
0 0 4 0
0 0 4 1
0 0 4 2
0 0 4 3
0 0 4 4
0 0 4 5
0 0 4 6
-1.36398e-05 -0.125603 5 0
0.00054167 0.450278 5 1
4.12495e-05 0.285551 5 2
-0.000791646 -0.63665 5 3
0 0 5 4
3.5059e-05 1 5 5
3.56858e-05 0.611608 5 6
-5.85433e-05 -0.323927 6 0
-0.000121153 -0.0605142 6 1
-0.000108005 -0.44925 6 2
0.000186722 0.0902282 6 3
0 0 6 4
3.56858e-05 0.611608 6 5
9.71055e-05 1 6 6
**********************************************
