0.2 2.8 1.10081 0.948041
0.21 2.94 1.10169 0.944637
0.22 3.08 1.10246 0.941185
0.23 3.22 1.10311 0.9377
0.24 3.36 1.10368 0.934196
0.25 3.5 1.10417 0.930684
0.26 3.64 1.1046 0.927178
0.27 3.78 1.10497 0.923689
0.28 3.92 1.1053 0.920227
0.29 4.06 1.1056 0.916803
0.3 4.2 1.10589 0.913426
0.31 4.34 1.10616 0.910104
0.32 4.48 1.10643 0.906845
0.33 4.62 1.1067 0.903657
0.34 4.76 1.10699 0.900544
0.35 4.9 1.10729 0.897514
0.36 5.04 1.10763 0.894571
0.37 5.18 1.10799 0.891718
0.38 5.32 1.10839 0.88896
0.39 5.46 1.10882 0.8863
0.4 5.6 1.1093 0.883739
0.41 5.74 1.10982 0.88128
0.42 5.88 1.11038 0.878924
0.43 6.02 1.11099 0.87667
0.44 6.16 1.11165 0.87452
0.45 6.3 1.11235 0.872472
0.46 6.44 1.11309 0.870525
0.47 6.58 1.11388 0.868677
0.48 6.72 1.1147 0.866927
0.49 6.86 1.11556 0.865271
0.5 7 1.11645 0.863706
0.51 7.14 1.11737 0.862229
0.52 7.28 1.1183 0.860834
0.53 7.42 1.11925 0.859518
0.54 7.56 1.12021 0.858276
0.55 7.7 1.12117 0.857103
0.56 7.84 1.12212 0.855992
0.57 7.98 1.12305 0.854939
0.58 8.12 1.12397 0.853937
0.59 8.26 1.12485 0.852982
0.6 8.4 1.12569 0.852067
0.61 8.54 1.12649 0.851189
0.62 8.68 1.12724 0.850341
0.63 8.82 1.12793 0.849523
0.64 8.96 1.12856 0.84873
0.65 9.1 1.12913 0.847962
0.66 9.24 1.12963 0.847221
0.67 9.38 1.13008 0.846511
0.68 9.52 1.13047 0.84584
0.69 9.66 1.13083 0.845217
0.7 9.8 1.13117 0.84466
0.71 9.94 1.13151 0.844192
0.72 10.08 1.13191 0.843842
0.73 10.22 1.1324 0.843649
0.74 10.36 1.13305 0.843665
0.75 10.5 1.13395 0.843953
0.76 10.64 1.13519 0.844598
0.77 10.78 1.13691 0.845702
0.78 10.92 1.13928 0.847397
0.79 11.06 1.1425 0.849851
0.8 11.2 1.14685 0.853272
0.81 11.34 1.15267 0.857929
0.82 11.48 1.1604 0.864166
0.83 11.62 1.1706 0.872427
0.84 11.76 1.18401 0.883292
0.85 11.9 1.2016 0.897531
0.86 12.04 1.22471 0.916181
0.87 12.18 1.25513 0.940669
0.88 12.32 1.29542 0.972999
0.89 12.46 1.34924 1.01607
