
************ Fit covar results *************
		 [ i*ndim + j ] 
0.0580329 1 0 0
0.0405877 0.27084 0 1
0.0267863 0.521739 0 2
0.647164 0.977955 0 3
-2.35979 -0.95073 0 4
5.09407e-05 0.0198174 0 5
0 0 0 6
0.0405877 0.27084 1 0
0.38698 1 1 1
0.123345 0.93037 1 2
0.704105 0.412036 1 3
-3.25238 -0.507433 1 4
0.000186424 0.0280853 1 5
0 0 1 6
0.0267863 0.521739 2 0
0.123345 0.93037 2 1
0.0454197 1 2 2
0.384991 0.657613 2 3
-1.6241 -0.739627 2 4
-0.000170455 -0.0749562 2 5
0 0 2 6
0.647164 0.977955 3 0
0.704105 0.412036 3 1
0.384991 0.657613 3 2
7.54601 1 3 3
-28.1013 -0.992862 3 4
0.00172288 0.058778 3 5
0 0 3 6
-2.35979 -0.95073 4 0
-3.25238 -0.507433 4 1
-1.6241 -0.739627 4 2
-28.1013 -0.992862 4 3
106.159 1 4 4
-0.00621833 -0.0565607 4 5
0 0 4 6
5.09407e-05 0.0198174 5 0
0.000186424 0.0280853 5 1
-0.000170455 -0.0749562 5 2
0.00172288 0.058778 5 3
-0.00621833 -0.0565607 5 4
0.000113857 1 5 5
0 0 5 6
0 0 6 0
0 0 6 1
0 0 6 2
0 0 6 3
0 0 6 4
0 0 6 5
0 0 6 6
**********************************************
