0.2069986618678479 1.0112936767940026
0.21724306324597023 1.0106959164115088
0.22748746462409253 1.010006192893247
0.23773186600221483 1.0091095523195062
0.24797626738033715 1.008396838017302
0.25822066875845945 1.0078220684187504
0.2684650701365818 1.0071783264683727
0.27870947151470404 1.0065575753019367
0.28895387289282637 1.005913833351559
0.2991982742709487 1.005247100617239
0.309442675649071 1.0044884047471507
0.31968707702719334 1.0037756904449466
0.32993147840531567 1.0029250314390903
0.3401758797834379 1.0021203540011179
0.3504202811615602 1.0012696949952613
0.36066468253968254 1.0003040820696945
0.3671838470530331 0.9996909944979061
0.3820847945121201 0.9983038838667347
0.3923291958902424 0.997039390749921
0.4025735972683647 0.9959588239046439
0.41281799864648705 0.9949012478433088
0.423328488372093 0.9938141122026196
0.4333068014027317 0.9923722616096814
0.4435512027808539 0.9911537500607519
0.45379560415897624 0.989820284592112
0.46404000553709857 0.9883718652037617
0.474801800924217 0.9869617637886483
0.4845288082933432 0.9856819434825399
0.49477320967146554 0.9843254872299579
0.5050176110495879 0.9829000586255499
0.5152620124277101 0.9814976208050837
0.5255064138058324 0.9801641553364439
0.5357508151839547 0.9787847082999198
0.5459952165620771 0.9773592796955116
0.5562396179401994 0.9760717957947559
0.5664840193183217 0.9747153395421739
0.576728420696444 0.9733129017217078
0.5869728220745664 0.9719794362530679
0.5972172234526886 0.970645970784428
0.6074616248308109 0.9693814776676144
0.6173567852528609 0.9683210277582865
0.6279504275870555 0.9674962333843649
0.6381948289651779 0.9668984730018712
0.6484392303433002 0.9668984730018712
0.6586836317214225 0.9668984730018712
0.6688245542977456 0.9668984730018712
0.6791724344776671 0.9673582886807124
0.6894168358557894 0.967910067495322
0.6996612372339117 0.9686687633654103
0.709905638612034 0.9696573670749192
0.7201500399901564 0.9707379339201964
0.7303944413682787 0.9725082242837355
0.7406388427464009 0.9752671183567836
0.7508832441245232 0.9789456437875143
0.7611276455026456 0.9833828650883332
0.7713720468807679 0.9885328006913562
0.7806851390426972 0.9936495273842407
0.7886012673803372 0.9991746598085405
0.7955860865017842 1.0046164962576851
0.8021052510151349 1.010108009222133
0.8086244155284854 1.0155995221865812
0.8146779254337395 1.0212295272542993
0.8198001261228006 1.026380229216787
0.8239910175956688 1.0321463178294574
0.8277162544604406 1.0383423341018445
0.8314414913252123 1.0446647996859129
0.835166728189984 1.0514298378608662
0.8388919650547558 1.0583213253475008
0.8421515473114312 1.065276037489976
0.8444798203519135 1.0718514016974072
0.8463424387842994 1.0771622727880246
0.8482050572166852 1.0824731438786421
0.850067675649071 1.0877840149692597
0.8519302940814569 1.0943593791766908
0.8537929125138428 1.1024521351242984
0.8556555309462287 1.110544891071906
0.8575181493786146 1.1188905456428764
0.8593807678110005 1.1272362002138467
0.8612433862433864 1.1357083040964984
0.8626403500676757 1.143421712109062
0.8640373138919651 1.1515144680566696
0.865899932324351 1.1621362102379045
0.8672968961486404 1.170228966185512
0.8682282053648334 1.1755398372761297
0.8691595145810262 1.180850708366747
0.8700908237972192 1.1861615794573646
0.8714877876215086 1.1932427409115212
0.872884751445798 1.1980478147554132
