0.2055085671219392 0.9914043496057204
0.21538044481358434 0.9910847777089257
0.22642311123415773 0.9907793287222668
0.23586924756982897 0.9902801002709534
0.24611364894795126 0.9900961739994167
0.2563580503260736 0.989843275376054
0.2666024517041959 0.9896593491045175
0.2768468530823182 0.9900501924315326
0.2870912544604405 0.9896593491045175
0.2973356558385628 0.9896593491045175
0.30758005721668513 0.9896593491045175
0.3181826544471893 0.990266305800588
0.328161990894549 0.9893305808941459
0.3401758797834379 0.9896593491045175
0.3504202811615602 0.9896593491045175
0.36066468253968254 0.9901191647833589
0.37114191122185314 0.990628793827408
0.3811534852959272 0.9905789804622002
0.3913978866740495 0.9905100081103739
0.40164228805217184 0.9906709435979685
0.41188668943029405 0.9908318790855629
0.42248033176448874 0.9909554545492516
0.4314441829703458 0.9909238422213312
0.45100167651039746 0.9914296394680566
0.4612460778885198 0.9914296394680566
0.4714904792666421 0.9913902996822003
0.48173488064476433 0.991889455146898
0.49197928202288665 0.9919354367147821
0.502223683401009 0.9921653445542028
0.5124680847791313 0.9921883353381449
0.5227124861572536 0.9923722616096814
0.532956887535376 0.9926941325848704
0.5432012889134983 0.9930160035600593
0.5534456902916205 0.9933608653191903
0.5636900916697429 0.9939126441338
0.5752649347852837 0.9943921661988773
0.5841788944259875 0.9952691003863818
0.5944232958041098 0.996004805472528
0.6046676971822321 0.997016399965979
0.6149120985603544 0.998050985243372
0.6251564999384768 0.9992005244404754
0.6354009013165991 1.0006719346127677
0.6456453026947213 1.002488206544191
0.6558897040728436 1.0044884047471507
0.666134105450966 1.006649538437705
0.6763785068290883 1.0087187089924912
0.6866229082072106 1.0113626491458287
0.6968673095853329 1.0144434141940657
0.7071117109634553 1.01793801335326
0.7242891920621249 1.0250089566812202
0.7282989956318445 1.0242432358493718
0.7328779326114597 1.0291452541655528
0.7412079761562966 1.0337901588813152
0.7490206256921373 1.0398755320059812
0.7563469248595218 1.0459883024815113
0.7623129481414366 1.0517114749641565
0.7690861060773851 1.057712069573036
0.7757375588316723 1.0634425224705961
0.781441827780854 1.0688166182170544
0.7867660403954864 1.0752878476972185
0.7913286729420451 1.0816602554464048
0.7958010040132134 1.0875505700861556
0.7994665415692548 1.093263485142119
0.8031917784340266 1.0988272548560991
0.8072632712894342 1.1044753241112004
0.8114183431770642 1.109802001365778
0.8148109696074812 1.1157654412256082
0.8184031622985112 1.122288870894313
0.8212746990484394 1.1292383143154683
0.8244566722037653 1.1360244273757019
0.8272505998523441 1.1434427869943422
0.8307895748738773 1.1509918109017199
0.8333706318444691 1.158848528134189
0.8363308647102252 1.1660139891294665
0.8378675249169436 1.1722015754477415
0.8399502709822478 1.1782297589973514
0.841116759293439 1.1843912890938253
0.8431759874492434 1.1903344067428496
