0.0 0.965863993516 0.968960909379
0.005 0.966391688853 0.969469193958
0.01 0.966920399012 0.969978035496
0.015 0.967451899081 0.970486360788
0.02 0.967980488865 0.970995290046
0.025 0.968509429649 0.971503257692
0.03 0.969038453603 0.97201198348
0.035 0.969569885886 0.97252053381
0.04 0.970099164841 0.973028371469
0.045 0.970625662755 0.973539026014
0.05 0.971155235287 0.97404937907
0.055 0.971684164857 0.974559265325
0.06 0.972212779002 0.975069904126
0.065 0.972743153811 0.975578480016
0.07 0.973271533195 0.976085959421
0.075 0.973800464618 0.976594920874
0.08 0.974329500376 0.977107154098
0.085 0.974858560029 0.977615618701
0.09 0.975387396951 0.978125818219
0.095 0.975917007939 0.978635798443
0.1 0.976446008021 0.979146658676
0.105 0.97697414362 0.979656404542
0.11 0.977501336682 0.980166969706
0.115 0.97803044465 0.980678629866
0.12 0.978555909602 0.98118816711
0.125 0.97908388262 0.981697302158
0.13 0.979613157609 0.982208781455
0.135 0.980138766483 0.982720555344
0.14 0.980667828578 0.983232000981
0.145 0.981195842979 0.983742196509
0.15 0.981723876079 0.984253411893
0.155 0.982251867559 0.984762843938
0.16 0.982779586309 0.985271330153
0.165 0.983305002223 0.985782709855
0.17 0.983831641397 0.986293748384
0.175 0.984359103787 0.986805205518
0.18 0.984888293371 0.987316690366
0.185 0.985413431686 0.98782655426
0.19 0.985939522918 0.988338832119
0.195 0.986464916274 0.988849737338
0.2 0.986990036669 0.989360111658
0.205 0.987514495355 0.989872517442
0.21 0.988041015535 0.990384631274
0.215 0.988568014519 0.990896631443
0.22 0.989094021289 0.991409630568
0.225 0.989618213811 0.991920892885
0.23 0.990143024885 0.992433107706
0.235 0.990666488765 0.992942073377
0.24 0.991189572676 0.993453467527
0.245 0.991710375498 0.993964902445
0.25 0.992234270343 0.994476057122
0.255 0.992756531181 0.994986033131
0.26 0.993279270651 0.995498484253
0.265 0.993804727778 0.996010491668
0.27 0.99432820066 0.996524360611
0.275 0.994849653169 0.997037811545
0.28 0.995372097774 0.997548567099
0.285 0.995892119969 0.99805945415
0.29 0.996412844254 0.998570967082
0.295 0.996933175962 0.999081056092
0.3 0.99745371716 0.999594870705
0.305 0.997973845031 1.00010599428
0.31 0.998491906724 1.00061942716
0.315 0.999012191442 1.00113113081
0.32 0.99953108662 1.00164316333
0.325 1.00004925363 1.00215563995
0.33 1.0005655691 1.0026670291
0.335 1.00108258084 1.00317705506
0.34 1.00159944443 1.00368712443
0.345 1.00211797444 1.00419626619
0.35 1.0026323436 1.00470831735
0.355 1.00314683973 1.00521817126
0.36 1.00366013737 1.00572903802
0.365 1.00417103571 1.0062395024
0.37 1.00468502816 1.00674898171
0.375 1.00519744009 1.00725899614
0.38 1.00571001774 1.00776933109
0.385 1.0062206336 1.00827713201
0.39 1.00673043073 1.00878773569
0.395 1.00723866514 1.00929500059
0.4 1.00774727591 1.00980330521
0.405 1.008253456 1.01031051295
0.41 1.00876112938 1.01081469828
0.415 1.00926794311 1.01132042507
0.42 1.00977321145 1.01182512278
0.425 1.0102762409 1.01233114154
0.43 1.01077947506 1.01283249577
0.435 1.0112807155 1.01333381528
0.44 1.01177949114 1.01383486038
0.445 1.01227932189 1.01433359615
0.45 1.01277625753 1.01483189273
0.455 1.01327039185 1.01532867409
0.46 1.01376280102 1.01582411723
0.465 1.01425410339 1.01632016368
0.47 1.01474528459 1.01681457695
0.475 1.0152331234 1.01730596172
0.48 1.01572063189 1.0177942405
0.485 1.01620551386 1.01828274783
0.49 1.0166876671 1.01876815385
0.495 1.01716991344 1.01925205895
0.5 1.01764715608 1.01973008974
0.505 1.01812172294 1.02020858051
0.51 1.01859199253 1.02068502907
0.515 1.01906095291 1.0211576142
0.52 1.01952610669 1.02162913726
0.525 1.0199879527 1.02209453278
0.53 1.020446508 1.02255808845
0.535 1.02090048739 1.02301811079
0.54 1.02135302286 1.0234737618
0.545 1.02180040833 1.02392518983
0.55 1.02224511918 1.02437300154
0.555 1.02268480793 1.02481622492
0.56 1.02311701602 1.02525319345
0.565 1.02354483413 1.02568519061
0.57 1.02396661344 1.02611270656
0.575 1.0243816526 1.02653340665
0.58 1.02479194904 1.02694810932
0.585 1.02519603765 1.02735662733
0.59 1.02559276299 1.0277564842
0.595 1.02597892044 1.02814947484
0.6 1.02635810257 1.0285344853
0.605 1.02672954126 1.02891125156
0.61 1.027090226 1.02927648072
0.615 1.02743959419 1.02963374089
0.62 1.02777970715 1.02997998061
0.625 1.02810812104 1.03031493726
0.63 1.02842625249 1.03064001591
0.635 1.02873077554 1.03094948723
0.64 1.02902160987 1.03124789708
0.645 1.02929832279 1.03153171084
0.65 1.02955982844 1.0317974682
0.655 1.02980575488 1.03204853765
0.66 1.03003278729 1.03228038051
0.665 1.03024278342 1.03249355805
0.67 1.0304334704 1.03268763665
0.675 1.03060003884 1.03286218124
0.68 1.03074403342 1.03301327431
0.685 1.03086556227 1.03314351715
0.69 1.0309618466 1.03324680815
0.695 1.03103134967 1.03332312318
0.7 1.03107148402 1.03337171221
0.705 1.0310799902 1.03339202576
0.71 1.03105788395 1.03337851814
0.715 1.03100310107 1.03333161317
0.72 1.03091018963 1.03324645582
0.725 1.03077831534 1.03312475153
0.73 1.03060268177 1.03295867347
0.735 1.03038379858 1.03275092716
0.74 1.03011768609 1.03249320265
0.745 1.02979917478 1.03218565628
0.75 1.02942865865 1.03182997173
0.755 1.02900305851 1.03141790744
0.76 1.02851311154 1.03094238721
0.765 1.02796164962 1.03040334307
0.77 1.02734358911 1.02979960154
0.775 1.02665331237 1.02912267479
0.78 1.02587928395 1.02836876609
0.785 1.02502650275 1.02753275949
0.79 1.02408233307 1.02661220512
0.795 1.02304411732 1.0255978388
0.8 1.02191207652 1.02448757703
0.805 1.02067155246 1.02327272394
0.81 1.01932101982 1.02194453454
0.815 1.01784983075 1.02049946094
0.82 1.01624781682 1.0189254656
0.825 1.01450840132 1.01721766218
0.83 1.01262252338 1.01536702469
0.835 1.01058438391 1.01336427316
0.84 1.0083850293 1.01120360477
0.845 1.00601424053 1.0088695822
0.85 1.00345009735 1.00635750673
0.855 1.00069206753 1.0036483643
0.86 0.997720778772 1.00073939555
0.865 0.994526326228 0.997614696208
0.87 0.991088490364 0.99425486518
0.875 0.987391970186 0.990654113282
0.88 0.983420146583 0.986783371163
0.885 0.979145157089 0.982649466261
0.89 0.974564584243 0.978213703029
0.895 0.969633416785 0.973481628895
0.9 0.964355913949 0.968422637379
0.905 0.958693387063 0.963011416893
0.91 0.952628350025 0.957240325433
0.915 0.946114456308 0.951070379314
0.92 0.93914604225 0.944492142983
0.925 0.931692841564 0.937482323419
0.93 0.923688780241 0.929994212745
0.935 0.915103793933 0.922027300273
0.94 0.905940596174 0.913522124093
0.945 0.89613991995 0.904450085882
0.95 0.885631738859 0.894792682609
0.955 0.874407991174 0.884515036866
0.96 0.862410277719 0.873571946806
0.965 0.849585871244 0.861912122542
0.97 0.835876593201 0.849478882347
0.975 0.821229911507 0.836252720812
0.98 0.805580475018 0.822161958289
0.985 0.788886218597 0.807175554034
0.99 0.771028590813 0.791215051428
0.995 0.751953588927 0.774215712582
1.0 0.731606316859 0.756134293413
