0.2 0.974175 1.01148 0.994772 0.994927 0.366867 0.366946 0.366897 0.366922 0.714138 0.714535 0.714322 0.714384 0.919218 0.92098 0.92013 0.92024 0.971438 0.977221 0.974576 0.974721 0.977255 0.986294 0.982227 0.98238 0.979799 0.993399 0.98734 0.987498 0.979533 1.00192 0.991969 0.992127
0.205 0.973997 1.01094 0.994564 0.994717 0.366845 0.366924 0.366875 0.3669 0.714076 0.71447 0.71426 0.714323 0.919099 0.920845 0.920011 0.920121 0.971274 0.976997 0.97441 0.974554 0.977079 0.98602 0.982044 0.982196 0.979616 0.993068 0.987144 0.9873 0.979351 1.0015 0.991764 0.99192
0.21 0.973817 1.0104 0.994355 0.994506 0.366822 0.3669 0.366852 0.366877 0.714013 0.714404 0.714197 0.71426 0.918979 0.920709 0.919891 0.920001 0.971108 0.976771 0.974241 0.974384 0.976901 0.985746 0.98186 0.98201 0.979432 0.992737 0.986947 0.987101 0.979167 1.00109 0.991558 0.991712
0.215 0.973635 1.00987 0.994146 0.994294 0.366798 0.366877 0.366828 0.366854 0.713949 0.714337 0.714133 0.714196 0.918858 0.920571 0.919769 0.919879 0.970941 0.976544 0.974071 0.974213 0.976722 0.985469 0.981674 0.981823 0.979247 0.992405 0.986749 0.986901 0.978981 1.00067 0.991352 0.991503
0.22 0.973452 1.00934 0.993937 0.994082 0.366774 0.366853 0.366804 0.36683 0.713884 0.714269 0.714068 0.714132 0.918735 0.920432 0.919646 0.919756 0.970772 0.976316 0.973899 0.97404 0.976541 0.985192 0.981486 0.981634 0.97906 0.992074 0.98655 0.9867 0.978795 1.00026 0.991145 0.991293
0.225 0.973267 1.00881 0.993728 0.993869 0.36675 0.366828 0.36678 0.366806 0.713818 0.7142 0.714002 0.714066 0.91861 0.920291 0.919521 0.919631 0.970601 0.976086 0.973726 0.973866 0.976359 0.984914 0.981297 0.981443 0.978872 0.991742 0.986349 0.986497 0.978607 0.999844 0.990937 0.991083
0.23 0.97308 1.00829 0.993518 0.993656 0.366726 0.366803 0.366756 0.366782 0.713751 0.714131 0.713936 0.714 0.918485 0.920148 0.919395 0.919504 0.97043 0.975854 0.973552 0.97369 0.976176 0.984636 0.981107 0.981251 0.978684 0.991411 0.986148 0.986293 0.978418 0.999432 0.990729 0.990871
0.235 0.972891 1.00776 0.993309 0.993443 0.366701 0.366778 0.366731 0.366757 0.713684 0.71406 0.713868 0.713932 0.918358 0.920004 0.919268 0.919376 0.970257 0.975622 0.973376 0.973512 0.975991 0.984356 0.980916 0.981058 0.978494 0.99108 0.985947 0.986089 0.978229 0.999022 0.990521 0.99066
0.24 0.972701 1.00725 0.9931 0.993229 0.366675 0.366752 0.366705 0.366732 0.713616 0.713988 0.7138 0.713864 0.91823 0.919859 0.919139 0.919247 0.970083 0.975388 0.973199 0.973333 0.975806 0.984076 0.980724 0.980863 0.978303 0.99075 0.985745 0.985883 0.978038 0.998614 0.990313 0.990448
0.245 0.97251 1.00673 0.992891 0.993016 0.36665 0.366726 0.366679 0.366706 0.713546 0.713916 0.713731 0.713794 0.9181 0.919713 0.91901 0.919116 0.969907 0.975153 0.973021 0.973153 0.975619 0.983795 0.980532 0.980668 0.978112 0.990419 0.985542 0.985677 0.977847 0.998207 0.990104 0.990236
0.25 0.972318 1.00622 0.992682 0.992803 0.366623 0.366699 0.366653 0.36668 0.713476 0.713843 0.713661 0.713724 0.91797 0.919565 0.918879 0.918984 0.969731 0.974917 0.972841 0.972971 0.975432 0.983514 0.980338 0.980471 0.97792 0.99009 0.985339 0.985471 0.977655 0.997803 0.989896 0.990023
0.255 0.972124 1.00571 0.992474 0.99259 0.366597 0.366672 0.366627 0.366654 0.713406 0.713768 0.71359 0.713653 0.917838 0.919416 0.918747 0.918851 0.969554 0.97468 0.972661 0.972789 0.975244 0.983233 0.980144 0.980273 0.977727 0.98976 0.985136 0.985264 0.977462 0.9974 0.989688 0.989811
0.26 0.971929 1.00521 0.992266 0.992378 0.36657 0.366645 0.3666 0.366627 0.713334 0.713693 0.713518 0.713581 0.917705 0.919266 0.918614 0.918717 0.969375 0.974442 0.97248 0.972605 0.975055 0.982951 0.979949 0.980075 0.977534 0.989432 0.984932 0.985056 0.977269 0.996999 0.98948 0.989599
0.265 0.971733 1.0047 0.99206 0.992166 0.366543 0.366617 0.366573 0.3666 0.713262 0.713617 0.713446 0.713509 0.917572 0.919114 0.91848 0.918581 0.969196 0.974203 0.972298 0.97242 0.974866 0.98267 0.979753 0.979876 0.97734 0.989104 0.984729 0.984849 0.977075 0.9966 0.989273 0.989387
0.27 0.971537 1.00421 0.991854 0.991955 0.366515 0.366589 0.366545 0.366572 0.713188 0.713541 0.713372 0.713435 0.917437 0.918962 0.918345 0.918445 0.969016 0.973964 0.972116 0.972234 0.974676 0.982388 0.979558 0.979677 0.977147 0.988778 0.984525 0.984641 0.976881 0.996203 0.989066 0.989175
0.275 0.971339 1.00371 0.991649 0.991745 0.366487 0.366561 0.366517 0.366544 0.713115 0.713463 0.713299 0.71336 0.917302 0.918809 0.918209 0.918307 0.968836 0.973724 0.971933 0.972047 0.974486 0.982106 0.979362 0.979477 0.976953 0.988452 0.984322 0.984433 0.976687 0.995808 0.98886 0.988964
0.28 0.971141 1.00322 0.991445 0.991535 0.366458 0.366532 0.366488 0.366515 0.71304 0.713384 0.713224 0.713285 0.917165 0.918654 0.918073 0.918169 0.968655 0.973484 0.971749 0.97186 0.974295 0.981825 0.979165 0.979276 0.976759 0.988127 0.984119 0.984225 0.976493 0.995415 0.988655 0.988753
0.285 0.970942 1.00273 0.991242 0.991327 0.366429 0.366502 0.366459 0.366486 0.712965 0.713305 0.713148 0.713209 0.917028 0.918499 0.917935 0.918029 0.968473 0.973243 0.971565 0.971672 0.974105 0.981544 0.978969 0.979075 0.976565 0.987803 0.983916 0.984018 0.976299 0.995025 0.98845 0.988543
0.29 0.970742 1.00225 0.991041 0.991119 0.3664 0.366472 0.36643 0.366457 0.712888 0.713225 0.713072 0.713132 0.91689 0.918343 0.917797 0.917888 0.968291 0.973002 0.97138 0.971484 0.973914 0.981263 0.978773 0.978875 0.976371 0.987481 0.983714 0.98381 0.976105 0.994637 0.988247 0.988334
0.295 0.970542 1.00177 0.990841 0.990913 0.366371 0.366442 0.3664 0.366427 0.712812 0.713145 0.712995 0.713055 0.916751 0.918186 0.917658 0.917747 0.968109 0.972761 0.971195 0.971295 0.973723 0.980983 0.978577 0.978674 0.976177 0.98716 0.983512 0.983604 0.975911 0.994252 0.988044 0.988126
0.3 0.970342 1.00129 0.990642 0.990709 0.36634 0.366411 0.36637 0.366397 0.712734 0.713063 0.712918 0.712977 0.916612 0.918028 0.917518 0.917605 0.967927 0.972519 0.97101 0.971105 0.973532 0.980703 0.978381 0.978473 0.975984 0.986841 0.983312 0.983397 0.975717 0.993869 0.987843 0.987919
0.305 0.970141 1.00082 0.990446 0.990505 0.36631 0.36638 0.36634 0.366367 0.712656 0.712981 0.71284 0.712898 0.916471 0.917869 0.917378 0.917462 0.967744 0.972278 0.970825 0.970916 0.973342 0.980424 0.978185 0.978272 0.975791 0.986523 0.983112 0.983192 0.975524 0.993489 0.987643 0.987713
0.31 0.969941 1.00035 0.99025 0.990304 0.366279 0.366349 0.366309 0.366336 0.712577 0.712898 0.712761 0.712818 0.916331 0.91771 0.917237 0.917318 0.967561 0.972036 0.970639 0.970726 0.973151 0.980146 0.97799 0.978072 0.975599 0.986206 0.982913 0.982987 0.975331 0.993111 0.987444 0.987508
0.315 0.96974 0.999886 0.990057 0.990104 0.366248 0.366317 0.366278 0.366305 0.712497 0.712814 0.712681 0.712737 0.916189 0.91755 0.917095 0.917174 0.967378 0.971795 0.970454 0.970536 0.972961 0.979869 0.977795 0.977872 0.975407 0.985892 0.982715 0.982783 0.975139 0.992736 0.987247 0.987305
0.32 0.969539 0.999425 0.989866 0.989906 0.366217 0.366285 0.366246 0.366273 0.712417 0.71273 0.712601 0.712656 0.916048 0.91739 0.916953 0.917029 0.967196 0.971554 0.970269 0.970346 0.972772 0.979593 0.977601 0.977672 0.975216 0.985579 0.982518 0.98258 0.974948 0.992364 0.987052 0.987103
0.325 0.969338 0.998968 0.989677 0.989711 0.366185 0.366252 0.366214 0.366241 0.712337 0.712645 0.71252 0.712574 0.915906 0.917228 0.916811 0.916884 0.967013 0.971314 0.970085 0.970157 0.972583 0.979318 0.977408 0.977474 0.975026 0.985268 0.982322 0.982379 0.974757 0.991995 0.986859 0.986903
0.33 0.969138 0.998514 0.989491 0.989517 0.366152 0.366219 0.366182 0.366208 0.712255 0.712559 0.712439 0.712492 0.915763 0.917067 0.916668 0.916738 0.966831 0.971074 0.9699 0.969967 0.972395 0.979045 0.977216 0.977276 0.974837 0.98496 0.982128 0.982178 0.974568 0.991629 0.986667 0.986705
0.335 0.968938 0.998065 0.989307 0.989326 0.36612 0.366186 0.366149 0.366175 0.712173 0.712473 0.712357 0.712409 0.91562 0.916905 0.916525 0.916591 0.96665 0.970834 0.969716 0.969778 0.972208 0.978772 0.977025 0.977079 0.974649 0.984653 0.981936 0.981979 0.974379 0.991266 0.986478 0.986508
0.34 0.968738 0.99762 0.989125 0.989137 0.366086 0.366152 0.366116 0.366142 0.712091 0.712386 0.712274 0.712325 0.915477 0.916743 0.916381 0.916444 0.966469 0.970595 0.969533 0.969589 0.972021 0.978501 0.976835 0.976882 0.974462 0.984349 0.981745 0.981782 0.974192 0.990907 0.986291 0.986314
0.345 0.968539 0.997179 0.988947 0.988951 0.366053 0.366118 0.366083 0.366108 0.712008 0.712298 0.712191 0.71224 0.915334 0.91658 0.916237 0.916297 0.966288 0.970357 0.96935 0.969401 0.971836 0.978232 0.976646 0.976687 0.974276 0.984047 0.981556 0.981586 0.974005 0.99055 0.986106 0.986122
0.35 0.968341 0.996742 0.988771 0.988767 0.366019 0.366083 0.366049 0.366074 0.711924 0.71221 0.712108 0.712155 0.91519 0.916418 0.916094 0.91615 0.966109 0.97012 0.969169 0.969214 0.971652 0.977965 0.976459 0.976494 0.974092 0.983748 0.981369 0.981393 0.973821 0.990197 0.985924 0.985933
0.355 0.968143 0.99631 0.988598 0.988587 0.365985 0.366048 0.366015 0.36604 0.71184 0.712121 0.712023 0.71207 0.915047 0.916255 0.91595 0.916003 0.96593 0.969884 0.968988 0.969027 0.971469 0.977699 0.976273 0.976302 0.97391 0.983451 0.981184 0.981201 0.973638 0.989848 0.985744 0.985746
0.36 0.967946 0.995882 0.988428 0.98841 0.36595 0.366013 0.36598 0.366005 0.711755 0.712032 0.711939 0.711984 0.914903 0.916092 0.915806 0.915855 0.965752 0.96965 0.968808 0.968842 0.971288 0.977436 0.976088 0.976111 0.973729 0.983157 0.981001 0.981011 0.973456 0.989502 0.985567 0.985562
0.365 0.96775 0.995458 0.988262 0.988236 0.365915 0.365977 0.365945 0.365969 0.71167 0.711942 0.711853 0.711897 0.914759 0.915929 0.915662 0.915708 0.965575 0.969416 0.968629 0.968657 0.971108 0.977174 0.975906 0.975922 0.97355 0.982867 0.98082 0.980824 0.973277 0.98916 0.985393 0.985381
0.37 0.967556 0.995039 0.988099 0.988065 0.365879 0.36594 0.365909 0.365933 0.711584 0.711852 0.711768 0.71181 0.914616 0.915766 0.915518 0.91556 0.9654 0.969184 0.968452 0.968474 0.970931 0.976915 0.975726 0.975735 0.973374 0.982579 0.980643 0.980639 0.973099 0.988822 0.985223 0.985202
0.375 0.967362 0.994625 0.987941 0.987899 0.365844 0.365904 0.365873 0.365897 0.711498 0.711761 0.711682 0.711722 0.914473 0.915603 0.915375 0.915413 0.965225 0.968953 0.968276 0.968292 0.970754 0.976659 0.975547 0.97555 0.973199 0.982294 0.980467 0.980457 0.972924 0.988488 0.985055 0.985027
0.38 0.96717 0.994216 0.987785 0.987736 0.365807 0.365866 0.365837 0.365861 0.711412 0.71167 0.711595 0.711634 0.91433 0.915441 0.915232 0.915265 0.965053 0.968725 0.968102 0.968111 0.97058 0.976405 0.975371 0.975367 0.973027 0.982013 0.980295 0.980277 0.97275 0.988159 0.984891 0.984856
0.385 0.96698 0.993812 0.987635 0.987577 0.365771 0.365829 0.3658 0.365824 0.711325 0.711578 0.711508 0.711545 0.914187 0.915279 0.915089 0.915118 0.964882 0.968498 0.967929 0.967932 0.970408 0.976153 0.975198 0.975187 0.972857 0.981735 0.980126 0.980101 0.972579 0.987833 0.984731 0.984688
0.39 0.966791 0.993413 0.987488 0.987422 0.365734 0.365791 0.365763 0.365786 0.711237 0.711486 0.711421 0.711456 0.914045 0.915117 0.914946 0.914972 0.964712 0.968273 0.967758 0.967755 0.970239 0.975905 0.975027 0.975009 0.972689 0.981461 0.97996 0.979927 0.972411 0.987512 0.984574 0.984524
0.395 0.966604 0.993018 0.987346 0.987272 0.365696 0.365753 0.365726 0.365748 0.711149 0.711393 0.711333 0.711367 0.913903 0.914955 0.914804 0.914826 0.964545 0.96805 0.96759 0.96758 0.970072 0.97566 0.974858 0.974834 0.972525 0.98119 0.979797 0.979757 0.972246 0.987195 0.984422 0.984364
0.4 0.966419 0.99263 0.987208 0.987127 0.365658 0.365714 0.365688 0.36571 0.711061 0.7113 0.711245 0.711277 0.913762 0.914795 0.914663 0.91468 0.96438 0.96783 0.967423 0.967407 0.969907 0.975417 0.974693 0.974661 0.972363 0.980924 0.979638 0.979591 0.972083 0.986884 0.984274 0.984208
0.405 0.966236 0.992246 0.987076 0.986986 0.36562 0.365675 0.36565 0.365671 0.710973 0.711207 0.711156 0.711187 0.913622 0.914635 0.914522 0.914535 0.964216 0.967612 0.967259 0.967236 0.969745 0.975179 0.974531 0.974492 0.972205 0.980661 0.979483 0.979428 0.971923 0.986577 0.98413 0.984056
0.41 0.966056 0.991868 0.986948 0.986851 0.365581 0.365635 0.365611 0.365632 0.710884 0.711113 0.711067 0.711096 0.913482 0.914475 0.914383 0.914391 0.964056 0.967397 0.967097 0.967068 0.969587 0.974944 0.974372 0.974326 0.97205 0.980403 0.979331 0.979269 0.971767 0.986275 0.983991 0.983909
0.415 0.965878 0.991496 0.986826 0.98672 0.365542 0.365595 0.365572 0.365593 0.710795 0.711019 0.710978 0.711005 0.913343 0.914317 0.914244 0.914247 0.963897 0.967184 0.966938 0.966902 0.969431 0.974712 0.974216 0.974164 0.971898 0.98015 0.979184 0.979115 0.971614 0.985979 0.983856 0.983767
0.42 0.965702 0.99113 0.98671 0.986596 0.365503 0.365554 0.365532 0.365553 0.710706 0.710925 0.710889 0.710914 0.913206 0.914159 0.914106 0.914105 0.963742 0.966975 0.966782 0.96674 0.969279 0.974485 0.974065 0.974005 0.97175 0.979901 0.979041 0.978965 0.971465 0.985688 0.983727 0.98363
0.425 0.96553 0.99077 0.986599 0.986477 0.365463 0.365513 0.365492 0.365512 0.710616 0.71083 0.7108 0.710823 0.913069 0.914003 0.913969 0.913964 0.963589 0.966768 0.966628 0.96658 0.96913 0.974262 0.973917 0.97385 0.971606 0.979657 0.978903 0.978819 0.97132 0.985402 0.983603 0.983498
0.43 0.96536 0.990416 0.986495 0.986365 0.365422 0.365472 0.365452 0.365471 0.710527 0.710736 0.71071 0.710731 0.912934 0.913847 0.913833 0.913823 0.96344 0.966566 0.966478 0.966423 0.968986 0.974043 0.973773 0.973699 0.971467 0.979419 0.97877 0.978678 0.971179 0.985123 0.983485 0.983372
0.435 0.965194 0.990068 0.986397 0.986259 0.365381 0.36543 0.365411 0.36543 0.710437 0.710641 0.71062 0.710639 0.912799 0.913694 0.913699 0.913685 0.963294 0.966367 0.966332 0.96627 0.968845 0.973828 0.973634 0.973553 0.971331 0.979185 0.978641 0.978542 0.971042 0.984849 0.983373 0.983252
0.44 0.96503 0.989727 0.986305 0.98616 0.36534 0.365388 0.36537 0.365388 0.710347 0.710546 0.71053 0.710547 0.912667 0.913541 0.913566 0.913547 0.963151 0.966171 0.966189 0.966121 0.968708 0.973619 0.973499 0.973411 0.9712 0.978957 0.978518 0.978412 0.97091 0.984582 0.983266 0.983138
0.445 0.964871 0.989392 0.986221 0.986067 0.365299 0.365345 0.365328 0.365346 0.710257 0.71045 0.71044 0.710455 0.912536 0.91339 0.913435 0.913411 0.963012 0.96598 0.96605 0.965975 0.968576 0.973415 0.973369 0.973274 0.971074 0.978735 0.978401 0.978287 0.970782 0.984321 0.983166 0.983031
0.45 0.964715 0.989065 0.986144 0.985983 0.365257 0.365302 0.365286 0.365304 0.710167 0.710355 0.71035 0.710363 0.912406 0.913241 0.913305 0.913277 0.962878 0.965793 0.965915 0.965834 0.968449 0.973216 0.973244 0.973142 0.970953 0.978519 0.978289 0.978169 0.970659 0.984067 0.983073 0.98293
0.455 0.964564 0.988745 0.986075 0.985905 0.365214 0.365259 0.365244 0.365261 0.710077 0.71026 0.71026 0.710271 0.912279 0.913094 0.913177 0.913145 0.962747 0.965611 0.965784 0.965696 0.968326 0.973022 0.973125 0.973016 0.970838 0.97831 0.978184 0.978056 0.970542 0.98382 0.982987 0.982836
0.46 0.964416 0.988432 0.986013 0.985836 0.365171 0.365215 0.365201 0.365217 0.709987 0.710165 0.710169 0.710179 0.912153 0.912949 0.913051 0.913014 0.962621 0.965433 0.965658 0.965564 0.968209 0.972834 0.973011 0.972895 0.970728 0.978107 0.978085 0.97795 0.97043 0.98358 0.982908 0.98275
0.465 0.964274 0.988127 0.98596 0.985776 0.365128 0.365171 0.365158 0.365174 0.709897 0.710069 0.710079 0.710087 0.912029 0.912806 0.912928 0.912886 0.962499 0.96526 0.965537 0.965437 0.968097 0.972653 0.972903 0.97278 0.970624 0.977911 0.977993 0.977851 0.970325 0.983348 0.982837 0.982671
0.47 0.964136 0.98783 0.985916 0.985724 0.365084 0.365126 0.365114 0.365129 0.709807 0.709974 0.709989 0.709995 0.911908 0.912665 0.912807 0.91276 0.962383 0.965093 0.965421 0.965314 0.967991 0.972478 0.972801 0.972672 0.970526 0.977722 0.977908 0.977759 0.970225 0.983124 0.982773 0.982601
0.475 0.964003 0.987541 0.98588 0.985681 0.36504 0.365081 0.36507 0.365085 0.709717 0.709879 0.7099 0.709903 0.91179 0.912527 0.912688 0.912637 0.962271 0.964932 0.965311 0.965197 0.967892 0.972309 0.972706 0.97257 0.970435 0.97754 0.97783 0.977674 0.970132 0.982908 0.982719 0.982538
0.48 0.963875 0.987261 0.985854 0.985647 0.364996 0.365035 0.365025 0.365039 0.709627 0.709785 0.70981 0.709811 0.911674 0.912391 0.912572 0.912516 0.962166 0.964776 0.965206 0.965086 0.967798 0.972148 0.972618 0.972475 0.97035 0.977367 0.97776 0.977597 0.970045 0.9827 0.982673 0.982485
0.485 0.963753 0.986989 0.985838 0.985624 0.364951 0.364989 0.36498 0.364994 0.709538 0.70969 0.709721 0.70972 0.91156 0.912259 0.912458 0.912398 0.962066 0.964626 0.965108 0.964982 0.967712 0.971994 0.972537 0.972388 0.970273 0.977201 0.977699 0.977529 0.969966 0.982501 0.982636 0.982441
0.49 0.963637 0.986726 0.985833 0.985611 0.364905 0.364942 0.364935 0.364948 0.709449 0.709596 0.709632 0.709629 0.91145 0.912129 0.912348 0.912284 0.961972 0.964484 0.965015 0.964883 0.967632 0.971848 0.972464 0.972308 0.970203 0.977044 0.977646 0.977469 0.969894 0.982311 0.982608 0.982407
0.495 0.963528 0.986473 0.985838 0.985609 0.364859 0.364895 0.364889 0.364901 0.70936 0.709502 0.709543 0.709538 0.911343 0.912003 0.912241 0.912172 0.961885 0.964348 0.96493 0.964792 0.96756 0.97171 0.972398 0.972236 0.970142 0.976896 0.977601 0.977418 0.969831 0.982131 0.982591 0.982383
0.5 0.963425 0.98623 0.985854 0.985619 0.364813 0.364848 0.364843 0.364854 0.709272 0.709409 0.709455 0.709448 0.91124 0.911881 0.912138 0.912064 0.961805 0.964219 0.964851 0.964707 0.967496 0.97158 0.972341 0.972173 0.970088 0.976758 0.977567 0.977377 0.969775 0.981961 0.982584 0.982369
0.505 0.963329 0.985996 0.985882 0.985641 0.364766 0.3648 0.364796 0.364807 0.709185 0.709316 0.709367 0.709358 0.91114 0.911762 0.912038 0.91196 0.961732 0.964098 0.964781 0.964631 0.96744 0.971459 0.972293 0.972119 0.970044 0.976629 0.977542 0.977346 0.969728 0.981801 0.982588 0.982367
0.51 0.96324 0.985774 0.985923 0.985674 0.364719 0.364752 0.364749 0.364759 0.709098 0.709224 0.70928 0.709269 0.911044 0.911647 0.911942 0.91186 0.961666 0.963985 0.964718 0.964562 0.967393 0.971348 0.972254 0.972074 0.970008 0.97651 0.977527 0.977325 0.96969 0.981652 0.982603 0.982376
0.515 0.963159 0.985562 0.985976 0.985721 0.364671 0.364703 0.364701 0.364711 0.709011 0.709132 0.709194 0.709181 0.910953 0.911537 0.91185 0.911764 0.961609 0.963881 0.964663 0.964502 0.967354 0.971246 0.972225 0.972039 0.969983 0.976401 0.977523 0.977315 0.969662 0.981514 0.982631 0.982397
0.52 0.963086 0.985361 0.986043 0.985782 0.364623 0.364654 0.364653 0.364663 0.708926 0.709042 0.709108 0.709093 0.910866 0.911431 0.911763 0.911673 0.96156 0.963785 0.964617 0.96445 0.967326 0.971154 0.972205 0.972014 0.969967 0.976304 0.97753 0.977317 0.969644 0.981387 0.982671 0.982431
0.525 0.963022 0.985172 0.986124 0.985857 0.364575 0.364604 0.364605 0.364613 0.708841 0.708952 0.709023 0.709006 0.910783 0.91133 0.911681 0.911586 0.961521 0.963699 0.96458 0.964408 0.967307 0.971073 0.972197 0.972 0.969962 0.976218 0.97755 0.97733 0.969636 0.981273 0.982724 0.982478
0.53 0.962967 0.984996 0.98622 0.985947 0.364526 0.364554 0.364556 0.364564 0.708757 0.708863 0.708939 0.70892 0.910706 0.911234 0.911603 0.911505 0.96149 0.963623 0.964553 0.964376 0.967299 0.971003 0.9722 0.971997 0.969968 0.976145 0.977581 0.977356 0.969639 0.981172 0.982791 0.982539
0.535 0.962921 0.984832 0.986331 0.986052 0.364477 0.364504 0.364507 0.364514 0.708674 0.708775 0.708856 0.708836 0.910634 0.911143 0.911531 0.911429 0.96147 0.963557 0.964536 0.964354 0.967302 0.970945 0.972214 0.972006 0.969986 0.976084 0.977626 0.977395 0.969654 0.981083 0.982872 0.982615
0.54 0.962885 0.984681 0.986459 0.986174 0.364427 0.364453 0.364457 0.364464 0.708592 0.708688 0.708775 0.708752 0.910567 0.911059 0.911465 0.911359 0.96146 0.963502 0.96453 0.964344 0.967317 0.9709 0.972241 0.972028 0.970016 0.976036 0.977684 0.977449 0.969681 0.981009 0.982968 0.982706
0.545 0.96286 0.984545 0.986603 0.986313 0.364377 0.364402 0.364407 0.364413 0.708511 0.708602 0.708694 0.708669 0.910507 0.91098 0.911405 0.911295 0.961461 0.963458 0.964536 0.964344 0.967344 0.970867 0.972281 0.972063 0.970059 0.976002 0.977757 0.977516 0.969721 0.980949 0.98308 0.982812
0.55 0.962846 0.984422 0.986765 0.98647 0.364326 0.36435 0.364356 0.364362 0.708432 0.708518 0.708615 0.708588 0.910453 0.910908 0.911351 0.911238 0.961474 0.963427 0.964553 0.964357 0.967384 0.970848 0.972334 0.972112 0.970116 0.975983 0.977844 0.977599 0.969775 0.980904 0.983209 0.982936
0.555 0.962844 0.984315 0.986945 0.986645 0.364275 0.364298 0.364305 0.36431 0.708354 0.708435 0.708537 0.708508 0.910406 0.910843 0.911304 0.911187 0.961499 0.963408 0.964583 0.964382 0.967438 0.970842 0.972402 0.972175 0.970187 0.975979 0.977948 0.977698 0.969842 0.980875 0.983355 0.983077
0.56 0.962854 0.984223 0.987145 0.98684 0.364224 0.364246 0.364254 0.364258 0.708278 0.708354 0.70846 0.70843 0.910365 0.910786 0.911264 0.911144 0.961536 0.963402 0.964626 0.964421 0.967505 0.970852 0.972484 0.972254 0.970273 0.97599 0.978067 0.977813 0.969925 0.980862 0.983519 0.983237
0.565 0.962876 0.984148 0.987365 0.987056 0.364172 0.364193 0.364202 0.364206 0.708203 0.708275 0.708386 0.708354 0.910333 0.910736 0.911232 0.911108 0.961588 0.963411 0.964683 0.964474 0.967588 0.970877 0.972583 0.972348 0.970374 0.976019 0.978204 0.977946 0.970023 0.980866 0.983702 0.983415
0.57 0.962913 0.98409 0.987607 0.987293 0.36412 0.36414 0.36415 0.364153 0.70813 0.708197 0.708313 0.70828 0.910309 0.910694 0.911208 0.911081 0.961653 0.963434 0.964754 0.964542 0.967686 0.970919 0.972698 0.972459 0.970492 0.976064 0.97836 0.978097 0.970137 0.980889 0.983905 0.983614
0.575 0.962964 0.984049 0.98787 0.987553 0.364068 0.364086 0.364097 0.3641 0.70806 0.708122 0.708242 0.708207 0.910293 0.910661 0.911192 0.911063 0.961734 0.963473 0.964841 0.964626 0.967801 0.970978 0.97283 0.972588 0.970628 0.976128 0.978534 0.978268 0.970268 0.98093 0.984128 0.983834
0.58 0.96303 0.984027 0.988158 0.987837 0.364015 0.364032 0.364044 0.364047 0.707991 0.708048 0.708173 0.708137 0.910286 0.910638 0.911186 0.911053 0.96183 0.963527 0.964944 0.964726 0.967933 0.971055 0.972981 0.972736 0.970781 0.976211 0.978728 0.978459 0.970418 0.980991 0.984374 0.984077
0.585 0.963111 0.984025 0.98847 0.988145 0.363961 0.363978 0.363991 0.363993 0.707925 0.707977 0.708107 0.708069 0.910289 0.910624 0.911189 0.911054 0.961943 0.963599 0.965065 0.964843 0.968084 0.97115 0.973151 0.972902 0.970954 0.976314 0.978944 0.978671 0.970587 0.981073 0.984643 0.984342
0.59 0.96321 0.984043 0.988807 0.98848 0.363908 0.363923 0.363937 0.363939 0.707861 0.707909 0.708043 0.708004 0.910302 0.91062 0.911202 0.911065 0.962074 0.963689 0.965203 0.964978 0.968254 0.971266 0.973341 0.97309 0.971147 0.976439 0.979181 0.978906 0.970775 0.981176 0.984936 0.984632
0.595 0.963326 0.984082 0.989172 0.988842 0.363854 0.363868 0.363883 0.363884 0.7078 0.707843 0.707982 0.707941 0.910326 0.910628 0.911226 0.911087 0.962223 0.963798 0.96536 0.965133 0.968444 0.971402 0.973553 0.973299 0.971361 0.976585 0.979442 0.979164 0.970985 0.981302 0.985255 0.984948
0.6 0.963461 0.984143 0.989565 0.989233 0.363799 0.363812 0.363829 0.363829 0.707741 0.707781 0.707924 0.707882 0.910361 0.910647 0.911262 0.91112 0.962391 0.963927 0.965537 0.965308 0.968655 0.971561 0.973787 0.973531 0.971598 0.976755 0.979727 0.979447 0.971217 0.981452 0.9856 0.985291
0.605 0.963615 0.984228 0.989989 0.989653 0.363745 0.363757 0.363774 0.363774 0.707686 0.707721 0.707869 0.707825 0.910408 0.910679 0.91131 0.911166 0.962581 0.964077 0.965736 0.965504 0.968889 0.971742 0.974045 0.973786 0.971858 0.976949 0.980038 0.979756 0.971472 0.981627 0.985973 0.985662
0.61 0.96379 0.984338 0.990443 0.990106 0.36369 0.363701 0.363719 0.363718 0.707634 0.707665 0.707817 0.707772 0.910468 0.910723 0.911371 0.911225 0.962791 0.964249 0.965956 0.965723 0.969147 0.971948 0.974327 0.974067 0.972143 0.977168 0.980376 0.980092 0.971752 0.981828 0.986376 0.986063
0.615 0.963987 0.984473 0.990931 0.990592 0.363634 0.363644 0.363664 0.363663 0.707586 0.707613 0.707769 0.707723 0.910542 0.910782 0.911445 0.911298 0.963025 0.964445 0.9662 0.965966 0.969429 0.97218 0.974636 0.974374 0.972453 0.977415 0.980742 0.980457 0.972058 0.982056 0.98681 0.986495
0.62 0.964207 0.984635 0.991454 0.991114 0.363579 0.363588 0.363609 0.363607 0.707542 0.707565 0.707725 0.707678 0.910631 0.910855 0.911534 0.911386 0.963283 0.964665 0.966469 0.966233 0.969738 0.972438 0.974972 0.974709 0.972792 0.97769 0.981139 0.980852 0.972391 0.982314 0.987276 0.986961
0.625 0.964452 0.984825 0.992013 0.991672 0.363523 0.363531 0.363553 0.36355 0.707502 0.70752 0.707684 0.707637 0.910734 0.910944 0.911638 0.911489 0.963566 0.964911 0.966764 0.966527 0.970075 0.972725 0.975337 0.975074 0.973159 0.977995 0.981567 0.981279 0.972752 0.982602 0.987777 0.987461
0.63 0.964721 0.985045 0.992611 0.992269 0.363467 0.363474 0.363497 0.363494 0.707466 0.707481 0.707649 0.7076 0.910854 0.911049 0.911759 0.911609 0.963877 0.965185 0.967086 0.966849 0.970441 0.973041 0.975733 0.975469 0.973557 0.978331 0.982028 0.98174 0.973145 0.982922 0.988315 0.987997
0.635 0.965018 0.985296 0.993249 0.992907 0.363411 0.363417 0.36344 0.363437 0.707435 0.707446 0.707618 0.707569 0.910991 0.911172 0.911897 0.911746 0.964216 0.965487 0.967438 0.9672 0.970838 0.97339 0.976162 0.975898 0.973988 0.978701 0.982525 0.982237 0.973569 0.983276 0.98889 0.988573
0.64 0.965344 0.985581 0.993931 0.993589 0.363354 0.36336 0.363384 0.36338 0.70741 0.707417 0.707592 0.707542 0.911147 0.911313 0.912053 0.911902 0.964585 0.96582 0.96782 0.967583 0.971267 0.973771 0.976625 0.976361 0.974452 0.979105 0.983058 0.98277 0.974027 0.983665 0.989506 0.989189
0.645 0.9657 0.985899 0.994658 0.994316 0.363298 0.363302 0.363327 0.363323 0.707389 0.707393 0.707572 0.707521 0.911322 0.911474 0.912229 0.912078 0.964985 0.966185 0.968235 0.967998 0.971731 0.974187 0.977123 0.97686 0.974952 0.979546 0.983631 0.983344 0.974521 0.984092 0.990164 0.989848
0.65 0.966088 0.986255 0.995433 0.995092 0.363241 0.363244 0.363271 0.363266 0.707375 0.707375 0.707558 0.707507 0.911517 0.911657 0.912426 0.912275 0.96542 0.966585 0.968684 0.968448 0.972232 0.974641 0.97766 0.977398 0.975491 0.980026 0.984245 0.983959 0.975052 0.984558 0.990868 0.990552
0.655 0.966509 0.986649 0.996258 0.995918 0.363184 0.363187 0.363214 0.363209 0.707367 0.707364 0.70755 0.707498 0.911735 0.911861 0.912645 0.912494 0.96589 0.96702 0.96917 0.968935 0.972771 0.975134 0.978238 0.977976 0.97607 0.980548 0.984903 0.984618 0.975624 0.985066 0.991619 0.991305
0.66 0.966967 0.987083 0.997136 0.996799 0.363127 0.363129 0.363157 0.363152 0.707366 0.707359 0.707549 0.707497 0.911976 0.912089 0.912887 0.912736 0.966397 0.967494 0.969694 0.969461 0.973351 0.975668 0.978858 0.978598 0.976691 0.981112 0.985607 0.985323 0.976238 0.985618 0.99242 0.992107
0.665 0.967463 0.98756 0.998072 0.997736 0.36307 0.363071 0.3631 0.363095 0.707372 0.707362 0.707555 0.707503 0.912242 0.912342 0.913154 0.913004 0.966945 0.968008 0.97026 0.970028 0.973975 0.976246 0.979523 0.979265 0.977357 0.981723 0.98636 0.986079 0.976896 0.986216 0.993275 0.992964
0.67 0.967999 0.988083 0.999067 0.998733 0.363014 0.363014 0.363043 0.363037 0.707386 0.707373 0.707569 0.707517 0.912534 0.912622 0.913448 0.913299 0.967536 0.968565 0.970868 0.970638 0.974644 0.97687 0.980237 0.979981 0.978072 0.982382 0.987165 0.986886 0.977602 0.986864 0.994185 0.993877
0.675 0.968578 0.988653 1.00013 0.999794 0.362957 0.362956 0.362987 0.36298 0.707409 0.707393 0.707592 0.707539 0.912854 0.912931 0.91377 0.913622 0.968171 0.969168 0.971523 0.971296 0.975362 0.977544 0.981001 0.980748 0.978837 0.983093 0.988025 0.987748 0.978359 0.987563 0.995156 0.99485
0.68 0.969202 0.989275 1.00125 1.00092 0.3629 0.362899 0.36293 0.362924 0.70744 0.707421 0.707623 0.707571 0.913205 0.91327 0.914122 0.913976 0.968854 0.969818 0.972227 0.972002 0.976132 0.97827 0.981819 0.981569 0.979655 0.983858 0.988943 0.98867 0.979169 0.988318 0.996189 0.995887
0.685 0.969874 0.989949 1.00245 1.00212 0.362844 0.362842 0.362874 0.362867 0.707481 0.70746 0.707664 0.707613 0.913588 0.913641 0.914506 0.914362 0.969588 0.97052 0.972982 0.972761 0.976956 0.979051 0.982694 0.982448 0.980531 0.984681 0.989923 0.989653 0.980035 0.989132 0.99729 0.996991
0.69 0.970598 0.990681 1.00372 1.0034 0.362788 0.362785 0.362817 0.362811 0.707533 0.707509 0.707716 0.707665 0.914004 0.914047 0.914925 0.914783 0.970376 0.971276 0.973793 0.973575 0.977839 0.979891 0.98363 0.983388 0.981468 0.985565 0.990969 0.990703 0.980962 0.990007 0.998462 0.998167
0.695 0.971376 0.991473 1.00507 1.00476 0.362732 0.362728 0.362762 0.362755 0.707596 0.707569 0.707779 0.707728 0.914457 0.914489 0.91538 0.915241 0.971221 0.972091 0.974662 0.974448 0.978784 0.980793 0.984631 0.984393 0.982469 0.986515 0.992084 0.991823 0.981953 0.990948 0.999709 0.999419
0.7 0.972212 0.992329 1.00651 1.0062 0.362677 0.362672 0.362706 0.362699 0.707671 0.707642 0.707854 0.707804 0.91495 0.914971 0.915874 0.915738 0.972128 0.972967 0.975594 0.975385 0.979795 0.981762 0.985701 0.985468 0.983539 0.987534 0.993274 0.993017 0.983012 0.99196 1.00104 1.00075
0.705 0.97311 0.993253 1.00804 1.00774 0.362622 0.362617 0.362652 0.362644 0.707759 0.707728 0.707942 0.707893 0.915484 0.915495 0.91641 0.916277 0.9731 0.973908 0.976593 0.976388 0.980876 0.982802 0.986844 0.986616 0.984682 0.988626 0.994543 0.994291 0.984144 0.993045 1.00245 1.00217
0.71 0.974074 0.994249 1.00967 1.00937 0.362568 0.362562 0.362597 0.36259 0.707861 0.707828 0.708044 0.707996 0.916062 0.916064 0.916991 0.916861 0.974142 0.97492 0.977663 0.977463 0.982032 0.983917 0.988066 0.987843 0.985903 0.989798 0.995896 0.99565 0.985353 0.994211 1.00396 1.00368
0.715 0.975109 0.995323 1.0114 1.01111 0.362514 0.362508 0.362544 0.362537 0.707978 0.707943 0.708161 0.708114 0.916689 0.916681 0.91762 0.917494 0.975258 0.976006 0.978808 0.978615 0.983269 0.985112 0.989371 0.989154 0.987207 0.991053 0.997339 0.9971 0.986646 0.99546 1.00556 1.00529
0.72 0.976218 0.996479 1.01324 1.01295 0.362462 0.362455 0.362492 0.362484 0.708111 0.708074 0.708295 0.708249 0.917366 0.91735 0.9183 0.918178 0.976454 0.977172 0.980035 0.979848 0.984591 0.986394 0.990765 0.990555 0.988601 0.992399 0.998879 0.998646 0.988026 0.9968 1.00727 1.00701
0.725 0.977409 0.997723 1.0152 1.01492 0.36241 0.362403 0.36244 0.362433 0.708262 0.708224 0.708446 0.708401 0.918099 0.918074 0.919036 0.918919 0.977735 0.978424 0.981349 0.981168 0.986005 0.987767 0.992255 0.992051 0.990089 0.993839 1.00052 1.0003 0.989501 0.998237 1.00909 1.00883
0.73 0.978686 0.999061 1.01729 1.01702 0.36236 0.362352 0.36239 0.362382 0.708432 0.708392 0.708616 0.708573 0.918891 0.918858 0.919831 0.919719 0.979107 0.979767 0.982757 0.982582 0.987517 0.989239 0.993847 0.993651 0.99168 0.995383 1.00227 1.00206 0.991078 0.999777 1.01102 1.01078
0.735 0.980055 1.0005 1.01951 1.01925 0.362311 0.362303 0.362341 0.362333 0.708622 0.708581 0.708806 0.708765 0.919747 0.919706 0.92069 0.920583 0.980577 0.981208 0.984264 0.984097 0.989134 0.990816 0.995549 0.99536 0.99338 0.997036 1.00414 1.00393 0.992763 1.00143 1.01309 1.01285
0.74 0.981524 1.00204 1.02188 1.02162 0.362263 0.362255 0.362293 0.362286 0.708835 0.708793 0.709019 0.708979 0.920672 0.920623 0.921618 0.921516 0.982153 0.982755 0.985878 0.985719 0.990864 0.992506 0.997368 0.997188 0.995198 0.998807 1.00614 1.00594 0.994565 1.0032 1.01529 1.01506
0.745 0.983099 1.00371 1.0244 1.02416 0.362218 0.362209 0.362247 0.36224 0.709072 0.709029 0.709256 0.709218 0.92167 0.921614 0.922621 0.922525 0.983841 0.984415 0.987608 0.987457 0.992716 0.994318 0.999314 0.999142 0.997142 1.0007 1.00828 1.00808 0.996492 1.00509 1.01764 1.01742
0.75 0.98479 1.00549 1.02709 1.02686 0.362174 0.362165 0.362203 0.362196 0.709334 0.709291 0.709519 0.709484 0.922749 0.922686 0.923703 0.923614 0.985651 0.986197 0.989462 0.98932 0.994699 0.996261 1.0014 1.00123 0.999222 1.00274 1.01056 1.01037 0.998554 1.00712 1.02015 1.01994
0.755 0.986605 1.00741 1.02997 1.02974 0.362132 0.362123 0.362162 0.362155 0.709626 0.709581 0.70981 0.709778 0.923915 0.923845 0.924873 0.92479 0.987593 0.98811 0.99145 0.991317 0.996823 0.998345 1.00363 1.00347 1.00145 1.00492 1.01299 1.01282 1.00076 1.00931 1.02283 1.02263
0.76 0.988553 1.00947 1.03304 1.03283 0.362093 0.362083 0.362123 0.362116 0.709948 0.709903 0.710133 0.710103 0.925175 0.925098 0.926138 0.926062 0.989677 0.990165 0.993582 0.993459 0.999099 1.00058 1.00601 1.00587 1.00383 1.00726 1.0156 1.01544 1.00313 1.01164 1.0257 1.02551
0.765 0.990647 1.01169 1.03632 1.03612 0.362057 0.362047 0.362086 0.36208 0.710304 0.710259 0.710489 0.710461 0.926537 0.926454 0.927504 0.927436 0.991914 0.992374 0.995871 0.995758 1.00154 1.00298 1.00857 1.00844 1.00639 1.00977 1.01839 1.01824 1.00566 1.01416 1.02876 1.02858
0.77 0.992897 1.01408 1.03983 1.03964 0.362024 0.362014 0.362053 0.362048 0.710697 0.710652 0.710882 0.710857 0.928009 0.927922 0.928982 0.928922 0.994317 0.994749 0.99833 0.998228 1.00416 1.00556 1.01132 1.0112 1.00913 1.01246 1.02139 1.02125 1.00838 1.01685 1.03204 1.03188
0.775 0.995317 1.01665 1.04359 1.04342 0.361994 0.361984 0.362024 0.362019 0.71113 0.711085 0.711315 0.711294 0.929604 0.92951 0.930582 0.930529 0.996901 0.997304 1.00097 1.00088 1.00697 1.00833 1.01426 1.01415 1.01207 1.01536 1.0246 1.02447 1.0113 1.01975 1.03556 1.0354
0.78 0.997922 1.01941 1.04763 1.04746 0.361969 0.361959 0.361999 0.361994 0.711607 0.711563 0.711793 0.711775 0.93133 0.931231 0.932314 0.93227 0.999681 1.00006 1.00382 1.00374 1.00999 1.01131 1.01743 1.01733 1.01523 1.01847 1.02804 1.02793 1.01443 1.02287 1.03932 1.03919
0.785 1.00073 1.0224 1.05195 1.0518 0.361948 0.361938 0.361978 0.361974 0.712133 0.712089 0.712319 0.712304 0.9332 0.933097 0.934191 0.934156 1.00267 1.00302 1.00688 1.00681 1.01325 1.01453 1.02083 1.02075 1.01863 1.02183 1.03174 1.03164 1.01781 1.02623 1.04337 1.04325
0.79 1.00375 1.02561 1.0566 1.05646 0.361933 0.361923 0.361963 0.361959 0.712712 0.712668 0.712898 0.712887 0.935229 0.935122 0.936227 0.936201 1.0059 1.00622 1.01017 1.01012 1.01675 1.01799 1.02449 1.02442 1.02229 1.02544 1.03572 1.03563 1.02144 1.02984 1.04772 1.04761
0.795 1.00702 1.02908 1.0616 1.06148 0.361924 0.361914 0.361953 0.36195 0.71335 0.713307 0.713536 0.713529 0.937432 0.93732 0.938437 0.938421 1.00938 1.00967 1.01373 1.01369 1.02053 1.02172 1.02844 1.02838 1.02623 1.02933 1.04001 1.03993 1.02535 1.03374 1.0524 1.0523
0.8 1.01055 1.03283 1.06698 1.06687 0.361921 0.361911 0.361951 0.361948 0.714052 0.714011 0.714239 0.714236 0.939825 0.939709 0.940839 0.940833 1.01315 1.0134 1.01758 1.01755 1.0246 1.02575 1.0327 1.03266 1.03048 1.03354 1.04463 1.04457 1.02957 1.03795 1.05744 1.05736
0.805 1.01437 1.03689 1.07278 1.0727 0.361926 0.361916 0.361956 0.361954 0.714827 0.714787 0.715015 0.715016 0.942429 0.942309 0.943452 0.943456 1.01722 1.01744 1.02173 1.02172 1.02901 1.03011 1.0373 1.03727 1.03508 1.03808 1.04961 1.04957 1.03413 1.04251 1.06288 1.06282
0.81 1.0185 1.04128 1.07905 1.07898 0.36194 0.361931 0.36197 0.361968 0.715682 0.715643 0.71587 0.715875 0.945266 0.945142 0.946298 0.946313 1.02163 1.02182 1.02623 1.02624 1.03377 1.03483 1.04227 1.04227 1.04005 1.043 1.05501 1.05498 1.03906 1.04744 1.06875 1.06871
0.815 1.02299 1.04605 1.08584 1.08579 0.361964 0.361955 0.361993 0.361993 0.716625 0.716588 0.716814 0.716824 0.94836 0.948233 0.949402 0.949429 1.02641 1.02657 1.03112 1.03114 1.03894 1.03995 1.04767 1.04768 1.04544 1.04834 1.06085 1.06084 1.04441 1.05278 1.07511 1.07509
0.82 1.02787 1.05122 1.09319 1.09316 0.361999 0.36199 0.362029 0.362029 0.717668 0.717633 0.717857 0.717873 0.95174 0.95161 0.952794 0.952833 1.0316 1.03173 1.03642 1.03646 1.04455 1.04551 1.05352 1.05355 1.05128 1.05413 1.06718 1.06719 1.05021 1.05858 1.08201 1.082
0.825 1.03317 1.05685 1.10117 1.10116 0.362047 0.362039 0.362077 0.362078 0.718823 0.71879 0.719013 0.719033 0.955439 0.955306 0.956505 0.956556 1.03726 1.03735 1.04219 1.04225 1.05066 1.05156 1.05988 1.05993 1.05764 1.06043 1.07406 1.07409 1.05652 1.06489 1.0895 1.08951
0.83 1.03896 1.06299 1.10985 1.10987 0.362111 0.362103 0.36214 0.362143 0.720103 0.720073 0.720294 0.72032 0.959493 0.959357 0.960572 0.960637 1.04343 1.04348 1.04849 1.04856 1.05731 1.05815 1.06682 1.06688 1.06457 1.06729 1.08155 1.0816 1.06339 1.07176 1.09764 1.09768
0.835 1.04528 1.06969 1.11932 1.11936 0.362192 0.362184 0.362221 0.362225 0.721525 0.721497 0.721716 0.721748 0.963946 0.963807 0.96504 0.965118 1.05017 1.05018 1.05536 1.05545 1.06457 1.06536 1.07439 1.07447 1.07213 1.07479 1.08973 1.0898 1.0709 1.07927 1.10653 1.10658
0.84 1.05221 1.07703 1.12967 1.12973 0.362292 0.362286 0.362322 0.362326 0.723107 0.723082 0.723299 0.723337 0.968847 0.968704 0.969957 0.970048 1.05755 1.05752 1.06289 1.063 1.07252 1.07324 1.08266 1.08277 1.0804 1.083 1.09867 1.09876 1.07911 1.08749 1.11624 1.11632
0.845 1.0598 1.08507 1.141 1.14109 0.362416 0.36241 0.362446 0.362452 0.724872 0.72485 0.725065 0.725108 0.974253 0.974107 0.97538 0.975486 1.06565 1.06557 1.07115 1.07128 1.08124 1.0819 1.09174 1.09187 1.08947 1.092 1.10846 1.10858 1.08811 1.0965 1.12688 1.12699
0.85 1.06816 1.09392 1.15346 1.15356 0.362568 0.362562 0.362597 0.362604 0.726845 0.726826 0.727039 0.727089 0.98023 0.98008 0.981376 0.981497 1.07456 1.07444 1.08024 1.08039 1.09082 1.09141 1.10173 1.10187 1.09944 1.10189 1.11923 1.11937 1.09802 1.1064 1.13857 1.1387
0.855 1.07738 1.10366 1.16717 1.1673 0.36275 0.362746 0.36278 0.362788 0.729058 0.729042 0.729253 0.729309 0.986857 0.986703 0.988023 0.98816 1.0844 1.08423 1.09027 1.09044 1.1014 1.10191 1.11273 1.1129 1.11044 1.11281 1.1311 1.13126 1.10893 1.11733 1.15145 1.15161
0.86 1.08759 1.11444 1.18232 1.18249 0.362971 0.362967 0.363 0.36301 0.731547 0.731535 0.731743 0.731807 0.994224 0.994066 0.995414 0.995567 1.09529 1.09506 1.10137 1.10157 1.1131 1.11353 1.1249 1.1251 1.1226 1.12488 1.14421 1.14441 1.12101 1.12941 1.16569 1.16587
0.865 1.09891 1.12639 1.19912 1.19932 0.363235 0.363232 0.363264 0.363275 0.734356 0.734348 0.734554 0.734624 1.00244 1.00228 1.00366 1.00383 1.10738 1.10709 1.11369 1.11391 1.12608 1.12642 1.13841 1.13863 1.1361 1.13828 1.15876 1.15898 1.1344 1.14281 1.18147 1.18168
0.87 1.11152 1.13969 1.21782 1.21804 0.363551 0.363549 0.363581 0.363593 0.737539 0.737534 0.737738 0.737816 1.01163 1.01147 1.01288 1.01306 1.12085 1.12049 1.12741 1.12766 1.14054 1.14078 1.15344 1.15369 1.15112 1.15319 1.17495 1.1752 1.14932 1.15773 1.19903 1.19927
0.875 1.12562 1.15454 1.23869 1.23895 0.363929 0.363928 0.363959 0.363973 0.741159 0.741159 0.74136 0.741446 1.02196 1.02178 1.02323 1.02344 1.13591 1.13548 1.14276 1.14303 1.1567 1.15683 1.17024 1.17052 1.16791 1.16986 1.19304 1.19332 1.16599 1.1744 1.21864 1.21891
0.88 1.14144 1.17119 1.26211 1.26241 0.364382 0.364383 0.364412 0.364428 0.745297 0.745301 0.7455 0.745593 1.0336 1.03341 1.0349 1.03513 1.15282 1.15231 1.15999 1.16029 1.17483 1.17484 1.18909 1.1894 1.18676 1.18857 1.21333 1.21364 1.1847 1.19311 1.24064 1.24095
0.885 1.15928 1.18994 1.28849 1.28883 0.364926 0.364927 0.364956 0.364973 0.750048 0.750057 0.750254 0.750356 1.04677 1.04658 1.04812 1.04837 1.17189 1.1713 1.17941 1.17975 1.19528 1.19515 1.21034 1.21068 1.208 1.20966 1.23619 1.23654 1.20579 1.21419 1.26542 1.26577
0.89 1.17948 1.21116 1.31837 1.31875 0.365579 0.365582 0.365609 0.365628 0.755535 0.755548 0.755743 0.755853 1.06176 1.06156 1.06315 1.06342 1.19351 1.19281 1.20143 1.20179 1.21845 1.21817 1.2344 1.23478 1.23206 1.23355 1.26209 1.26248 1.22968 1.23807 1.29349 1.29388
0.895 1.20248 1.23529 1.35239 1.35282 0.366367 0.366371 0.366397 0.366418 0.761905 0.761923 0.762117 0.762236 1.0789 1.07869 1.08034 1.08063 1.21814 1.21733 1.22651 1.22691 1.24483 1.24438 1.26181 1.26223 1.25946 1.26075 1.29157 1.292 1.25688 1.26525 1.32544 1.32588
0.9 1.22882 1.2629 1.39136 1.39184 0.367321 0.367327 0.367352 0.367374 0.769345 0.769368 0.76956 0.769689 1.0986 1.09838 1.1001 1.10041 1.24636 1.24542 1.25524 1.25568 1.27506 1.27441 1.2932 1.29367 1.29086 1.29191 1.32534 1.32581 1.28805 1.29638 1.36204 1.36253
0.905 1.25917 1.29467 1.4363 1.43683 0.368484 0.368491 0.368514 0.368539 0.778089 0.778116 0.778308 0.778446 1.12139 1.12115 1.12296 1.12329 1.27891 1.27782 1.28838 1.28886 1.30992 1.30903 1.3294 1.32991 1.32706 1.32784 1.36426 1.36479 1.32399 1.33226 1.40424 1.40478
0.91 1.29439 1.33151 1.4885 1.4891 0.369908 0.369917 0.369939 0.369966 0.788433 0.788465 0.788657 0.788806 1.14794 1.14768 1.14958 1.14994 1.31671 1.31546 1.32686 1.32739 1.3504 1.34925 1.37143 1.37199 1.36909 1.36956 1.40947 1.41005 1.36572 1.37391 1.45324 1.45385
0.915 1.33559 1.37455 1.54963 1.5503 0.371666 0.371677 0.371697 0.371726 0.800761 0.800798 0.800991 0.801151 1.17909 1.17881 1.18082 1.18122 1.36098 1.35952 1.37192 1.37249 1.3978 1.39632 1.42063 1.42124 1.41831 1.4184 1.46239 1.46303 1.41458 1.42265 1.51062 1.51129
0.92 1.38421 1.42528 1.62189 1.62264 0.373856 0.373868 0.373887 0.373918 0.81557 0.815612 0.815807 0.815978 1.21597 1.21566 1.2178 1.21823 1.41326 1.41157 1.42514 1.42576 1.45377 1.45192 1.47874 1.47941 1.47645 1.47607 1.52489 1.52561 1.47229 1.4802 1.57842 1.57916
0.925 1.44214 1.48566 1.70818 1.70902 0.376609 0.376623 0.37664 0.376674 0.833521 0.833568 0.833766 0.833949 1.26005 1.25971 1.262 1.26247 1.47564 1.47366 1.48862 1.48932 1.52057 1.51826 1.54807 1.54882 1.54582 1.54489 1.59949 1.60029 1.54115 1.54884 1.65936 1.66019
0.93 1.51195 1.55836 1.81246 1.81342 0.380112 0.380127 0.380143 0.38018 0.855497 0.855548 0.855752 0.855949 1.31331 1.31293 1.31541 1.31592 1.55092 1.5486 1.56524 1.566 1.60119 1.59832 1.63176 1.63259 1.62957 1.62794 1.68956 1.69045 1.62428 1.63165 1.75712 1.75806
0.935 1.59719 1.647 1.94021 1.94129 0.384627 0.384645 0.38466 0.384699 0.882714 0.88277 0.882982 0.883193 1.3785 1.37805 1.38077 1.38133 1.64298 1.64023 1.65892 1.65977 1.69979 1.69623 1.73412 1.73505 1.73202 1.72952 1.79977 1.80077 1.72596 1.73289 1.87681 1.87787
0.94 1.70284 1.75675 2.09917 2.10041 0.390541 0.39056 0.390574 0.390616 0.916872 0.916932 0.917155 0.917383 1.45944 1.45893 1.46194 1.46255 1.75726 1.75398 1.77523 1.77618 1.82225 1.81782 1.86126 1.86231 1.85929 1.85569 1.93674 1.93787 1.85227 1.85858 2.02566 2.02687
0.945 1.83612 1.89505 2.30067 2.30211 0.398426 0.398447 0.39846 0.398505 0.960418 0.960482 0.960721 0.960967 1.56172 1.56112 1.56449 1.56516 1.90172 1.89775 1.92226 1.92333 1.97712 1.97155 2.02207 2.02327 2.0203 2.01524 2.11008 2.11137 2.01205 2.01747 2.21421 2.21559
0.95 2.00787 2.07305 2.56179 2.56348 0.409136 0.40916 0.409171 0.409219 1.01699 1.01706 1.01732 1.01759 1.69365 1.69294 1.69677 1.69753 2.08827 2.0834 2.11213 2.11336 2.17724 2.17018 2.22992 2.2313 2.22843 2.22143 2.3343 2.3358 2.21857 2.2227 2.45832 2.45994
0.955 2.23492 2.3081 2.90931 2.91133 0.42397 0.423996 0.424007 0.424058 1.09218 1.09225 1.09254 1.09284 1.86816 1.86729 1.87175 1.87261 2.33549 2.32941 2.36378 2.36521 2.44266 2.43357 2.50569 2.5073 2.50463 2.49494 2.63207 2.63384 2.49258 2.49481 2.78289 2.78481
