0.2069986618678479 0.9719794362530679
0.21724306324597023 0.9711287772472115
0.22748746462409253 0.9703700813771232
0.23773186600221483 0.9697493302106874
0.24797626738033715 0.9691975513960778
0.25822066875845945 0.9687837172851206
0.2684650701365818 0.9683468923902214
0.27870947151470404 0.9680250214150324
0.28895387289282637 0.9678181043595538
0.2991982742709487 0.9676571688719593
0.309442675649071 0.9676571688719593
0.31968707702719334 0.9676571688719593
0.32993147840531567 0.9676571688719593
0.3401758797834379 0.9676571688719593
0.3504202811615602 0.9676571688719593
0.36066468253968254 0.9676571688719593
0.37090908391780486 0.9676571688719593
0.3811534852959272 0.9676571688719593
0.3913978866740495 0.9676571688719593
0.40164228805217184 0.9676571688719593
0.41188668943029405 0.9678870767113801
0.4221310908084164 0.967910067495322
0.4323754921865387 0.9679560490632062
0.442619893564661 0.9681629661186848
0.45286429494278335 0.9681629661186848
0.4631086963209057 0.9681629661186848
0.473353097699028 0.9681629661186848
0.4835974990771502 0.9681399753347428
0.49384190045527254 0.967910067495322
0.5040863018333949 0.967910067495322
0.5143307032115172 0.9683468923902214
0.5252735865017842 0.9692377852679764
0.5348195059677618 0.9684158647420475
0.5450639073458842 0.9684388555259896
0.5553083087240064 0.9687377357172364
0.5655527101021287 0.9690136251245413
0.575797111480251 0.9692435329639619
0.5860415128583734 0.9696343762909772
0.5962859142364957 0.9699930325204733
0.606530315614618 0.9711379735607883
0.6160762350805956 0.971134524943197
0.6270191183708627 0.9724392519319094
0.6372635197489849 0.9735658003450706
0.6475079211271072 0.975060201301305
0.6577523225052295 0.9767385285290758
0.6676862874779542 0.9784194102883959
0.6782411252614742 0.9803480816079804
0.6884855266395965 0.9826471600021871
0.6987299280177188 0.9852451185876406
0.708974329395841 0.9882339205001094
0.7195679717300357 0.9914928641238974
0.7294631321520857 0.9954070450900343
0.739707533530208 1.0007638977485358
0.7490206256921373 1.0064630576346194
0.7569367540297773 1.012230551239642
0.7643872277593209 1.0178259332815425
0.7713720468807679 1.0232587376369955
0.7778912113941184 1.0287502506014434
0.7839447212993725 1.0346753040630847
0.7890669219884336 1.040239073777065
0.7937234680693984 1.0456511043170276
0.7983800141503631 1.0512654537556805
0.8030365602313277 1.057132701817696
0.8076931063122924 1.0632022687784015
0.8125359142364957 1.0692212560144347
0.8164740217792544 1.074524901430099
0.8202657807308971 1.0801970562683776
0.8235253629875724 1.0866881209346877
0.8263192906361512 1.092715538124833
0.82911321828473 1.0988694046266596
0.8319071459333088 1.10536046929297
0.8347010735818876 1.1121465823532033
0.8374950012304664 1.1189748451839974
0.8402889288790453 1.125971707097033
0.8426172019195276 1.1325470713044643
0.8447592131167713 1.1381108410184444
0.8469633115950946 1.1441804079791502
0.8488259300274804 1.149997076316493
0.8506885484598663 1.1560666432771989
0.8525511668922522 1.1625998577140695
0.8544137853246381 1.1695124200859843
0.856276403757024 1.1763406829167782
0.8581390221894099 1.1831689457475723
0.8600016406217957 1.1897443099550034
0.8618642590541816 1.1962353746213137
