1 0.0069 0.291 0.164 1.41 0.69 3.14 5.36 0.36
2 0.0102 0.404 0.193 1.30 0.87 2.15 3.95 0.47
3 0.0142 0.514 0.217 0.84 0.61 1.70 4.36 0.40
4 0.0186 0.626 0.242 0.95 0.36 1.53 3.89 0.30
5 0.0244 0.725 0.274 0.81 0.10 1.43 4.66 0.27
6 0.0325 0.872 0.291 0.87 0.01 1.38 3.78 0.22
7 0.0398 0.903 0.306 1.32 0.05 1.50 3.92 0.10
8 0.0486 0.929 0.323 2.26 0.07 2.63 6.43 0.29
9 0.0595 1.102 0.323 2.60 0.05 1.33 3.17 0.70
10 0.0724 1.127 0.348 2.62 0.06 1.14 5.49 0.45
11 0.0882 1.167 0.338 2.53 0.07 0.84 3.45 1.18
12 0.1078 1.205 0.345 3.66 0.07 0.75 5.93 1.18
13 0.1330 1.263 0.329 3.06 0.07 0.78 2.56 0.94
14 0.1657 1.337 0.354 2.65 0.06 1.02 7.52 0.90
15 0.2093 1.447 0.298 2.21 0.06 1.87 2.99 0.52
16 0.2642 1.749 0.298 1.25 0.05 2.65 3.29 0.56
17 0.3477 2.672 0.217 1.37 0.05 1.99 7.62 0.21
18 0.4605 4.224 0.142 1.13 0.04 1.70 4.10 0.11
19 0.6346 8.688 0.047 2.80 0.08 1.25 1.17 0.02
1 0.0085 0.354 0.189 1.29 0.93 2.43 3.75 0.81
2 0.0117 0.477 0.226 0.77 1.22 2.05 2.07 0.69
3 0.0152 0.612 0.241 0.61 1.50 1.90 1.03 0.36
4 0.0193 0.770 0.258 0.64 1.80 1.79 0.79 0.40
5 0.0250 0.896 0.272 0.52 1.07 1.51 0.56 0.12
6 0.0327 1.144 0.291 0.68 0.92 1.47 0.64 0.30
7 0.0401 1.074 0.308 1.06 0.01 1.28 2.61 0.17
8 0.0490 1.123 0.318 1.05 0.03 1.22 2.47 0.24
9 0.0596 1.281 0.337 2.05 0.06 0.81 2.26 0.36
10 0.0725 1.359 0.329 1.85 0.06 0.58 3.96 0.36
11 0.0884 1.399 0.349 1.96 0.06 0.51 3.58 0.05
12 0.1082 1.554 0.348 1.22 0.06 0.47 4.34 0.19
13 0.1333 1.632 0.339 1.85 0.06 0.49 1.84 0.34
14 0.1661 1.811 0.341 1.01 0.05 0.50 4.10 0.05
15 0.2104 2.050 0.314 1.53 0.05 0.58 2.80 0.09
16 0.2722 2.471 0.285 1.02 0.05 0.78 3.85 0.18
17 0.3620 3.790 0.218 0.86 0.04 0.57 2.21 0.04
18 0.4900 6.026 0.120 0.65 0.04 0.62 0.94 0.01
19 0.6641 12.778 0.036 2.32 0.05 0.66 0.86 0.01
5 0.0270 1.092 0.292 0.68 2.39 1.81 1.06 0.25
6 0.0338 1.391 0.309 0.99 2.98 1.93 0.28 0.43
7 0.0401 1.293 0.309 0.80 0.38 1.35 2.71 0.15
8 0.0490 1.460 0.316 0.70 0.17 1.05 1.29 0.12
9 0.0596 1.466 0.323 1.09 0.01 0.69 1.73 0.24
10 0.0726 1.627 0.337 1.10 0.04 0.48 2.05 0.07
11 0.0885 1.691 0.337 1.11 0.05 0.41 1.43 0.02
12 0.1082 2.013 0.341 0.96 0.05 0.37 2.70 0.08
13 0.1334 2.158 0.335 1.09 0.05 0.33 2.17 0.05
14 0.1662 2.458 0.328 1.22 0.05 0.30 0.98 0.07
15 0.2105 2.851 0.310 0.75 0.04 0.29 2.40 0.07
16 0.2724 3.479 0.272 0.67 0.04 0.28 1.74 0.03
17 0.3622 5.125 0.205 0.62 0.04 0.21 1.84 0.04
18 0.4957 8.280 0.113 0.70 0.05 0.22 2.23 0.02
7 0.0408 1.615 0.311 0.68 2.58 1.76 0.53 0.34
8 0.0496 1.927 0.320 0.60 2.49 1.49 0.68 0.10
9 0.0596 1.675 0.328 1.21 0.04 0.69 1.88 0.06
10 0.0726 1.928 0.339 1.46 0.01 0.46 2.13 0.01
11 0.0885 2.080 0.339 0.89 0.03 0.37 1.21 0.07
12 0.1083 2.490 0.336 1.01 0.04 0.31 1.50 0.18
13 0.1334 2.795 0.345 0.83 0.04 0.26 2.67 0.11
14 0.1663 3.195 0.326 0.90 0.04 0.22 1.91 0.01
15 0.2106 3.709 0.305 0.69 0.05 0.19 1.80 0.04
16 0.2726 4.527 0.266 0.88 0.05 0.17 2.14 0.04
17 0.3624 6.797 0.197 0.58 0.04 0.12 1.63 0.01
18 0.5038 11.344 0.103 1.03 0.07 0.31 1.61 0.02
9 0.0597 1.906 0.321 0.90 0.30 0.74 0.78 0.08
10 0.0726 2.276 0.334 0.92 0.22 0.53 1.53 0.13
11 0.0885 2.587 0.335 0.68 0.09 0.40 1.33 0.11
12 0.1083 3.071 0.338 0.55 0.03 0.32 1.49 0.03
13 0.1335 3.538 0.330 0.82 0.02 0.25 0.91 0.04
14 0.1664 4.051 0.321 0.54 0.04 0.19 1.32 0.03
15 0.2107 4.702 0.298 0.57 0.05 0.15 1.02 0.05
16 0.2726 5.685 0.262 0.66 0.04 0.12 2.03 0.00
17 0.3679 9.154 0.189 0.69 0.05 0.25 1.40 0.02
9 0.0603 2.319 0.324 0.73 2.40 1.15 0.77 0.06
10 0.0734 2.806 0.329 0.65 2.17 0.87 0.48 0.03
11 0.0894 3.341 0.331 0.65 1.58 0.64 0.66 0.07
12 0.1094 3.946 0.331 0.58 0.96 0.51 1.03 0.07
13 0.1347 4.618 0.322 0.55 0.41 0.40 0.56 0.06
14 0.1679 5.344 0.311 0.56 0.11 0.30 1.45 0.02
15 0.2128 6.266 0.292 0.63 0.02 0.24 2.05 0.02
16 0.2759 7.501 0.249 0.57 0.04 0.22 0.85 0.03
