1 0.0069 0.291 0.162 1.60 0.69 4.30 5.36 1.75
2 0.0102 0.404 0.200 1.35 0.87 2.79 3.95 0.48
3 0.0142 0.514 0.219 0.91 0.61 2.22 4.36 0.08
4 0.0186 0.626 0.241 0.99 0.36 1.85 3.89 0.10
5 0.0244 0.725 0.277 0.83 0.10 1.66 4.66 0.24
6 0.0325 0.872 0.299 0.88 0.01 1.54 3.78 0.39
7 0.0398 0.903 0.310 1.32 0.05 1.71 3.92 0.71
8 0.0486 0.929 0.334 2.15 0.07 2.76 6.43 0.27
9 0.0595 1.102 0.334 2.44 0.05 1.41 3.17 0.60
10 0.0724 1.127 0.368 2.39 0.06 1.20 5.49 0.71
11 0.0882 1.167 0.351 2.25 0.07 0.94 3.45 0.67
12 0.1078 1.205 0.373 3.23 0.07 0.85 5.93 0.54
13 0.1330 1.263 0.369 2.58 0.07 0.92 2.56 0.83
14 0.1657 1.337 0.383 2.25 0.06 1.15 7.52 1.27
15 0.2093 1.447 0.341 1.75 0.06 1.92 2.99 0.62
16 0.2642 1.749 0.352 1.10 0.05 2.87 3.29 0.55
17 0.3477 2.672 0.269 1.22 0.05 2.15 7.62 0.15
18 0.4605 4.224 0.179 1.09 0.04 1.83 4.10 0.08
19 0.6346 8.688 0.064 2.62 0.08 1.31 1.17 0.06
1 0.0085 0.354 0.191 1.45 0.93 3.31 3.75 1.35
2 0.0117 0.477 0.228 0.85 1.22 2.77 2.07 1.44
3 0.0152 0.612 0.243 0.68 1.50 2.53 1.03 0.76
4 0.0193 0.770 0.261 0.70 1.80 2.27 0.79 0.51
5 0.0250 0.896 0.272 0.56 1.07 1.83 0.56 0.41
6 0.0327 1.144 0.295 0.71 0.92 1.71 0.64 0.15
7 0.0401 1.074 0.315 1.09 0.01 1.46 2.61 0.15
8 0.0490 1.123 0.326 1.06 0.03 1.37 2.47 0.23
9 0.0596 1.281 0.343 2.00 0.06 0.92 2.26 0.56
10 0.0725 1.359 0.349 1.72 0.06 0.65 3.96 0.40
11 0.0884 1.399 0.371 1.78 0.06 0.59 3.58 0.14
12 0.1082 1.554 0.374 1.14 0.06 0.53 4.34 0.15
13 0.1333 1.632 0.372 1.67 0.06 0.56 1.84 0.35
14 0.1661 1.811 0.373 0.97 0.05 0.57 4.10 0.14
15 0.2104 2.050 0.352 1.38 0.05 0.64 2.80 0.26
16 0.2722 2.471 0.329 0.95 0.05 0.85 3.85 0.17
17 0.3620 3.790 0.268 0.81 0.04 0.64 2.21 0.06
18 0.4900 6.026 0.156 0.62 0.04 0.69 0.94 0.02
19 0.6641 12.778 0.047 2.19 0.05 0.67 0.86 0.10
5 0.0270 1.092 0.289 0.76 2.39 2.20 1.06 0.18
6 0.0338 1.391 0.307 1.08 2.98 2.32 0.28 0.29
7 0.0401 1.293 0.313 0.83 0.38 1.54 2.71 0.17
8 0.0490 1.460 0.327 0.70 0.17 1.18 1.29 0.12
9 0.0596 1.466 0.339 1.10 0.01 0.80 1.73 0.45
10 0.0726 1.627 0.353 1.08 0.04 0.56 2.05 0.25
11 0.0885 1.691 0.351 1.09 0.05 0.49 1.43 0.06
12 0.1082 2.013 0.367 0.95 0.05 0.41 2.70 0.06
13 0.1334 2.158 0.359 1.04 0.05 0.39 2.17 0.15
14 0.1662 2.458 0.363 1.15 0.05 0.35 0.98 0.12
15 0.2105 2.851 0.355 0.73 0.04 0.33 2.40 0.06
16 0.2724 3.479 0.316 0.66 0.04 0.31 1.74 0.09
17 0.3622 5.125 0.250 0.60 0.04 0.23 1.84 0.02
18 0.4957 8.280 0.147 0.66 0.05 0.23 2.23 0.00
7 0.0408 1.615 0.317 0.72 2.58 2.08 0.53 0.35
8 0.0496 1.927 0.323 0.65 2.49 1.74 0.68 0.20
9 0.0596 1.675 0.337 1.22 0.04 0.79 1.88 0.18
10 0.0726 1.928 0.352 1.42 0.01 0.55 2.13 0.16
11 0.0885 2.080 0.354 0.91 0.03 0.47 1.21 0.16
12 0.1083 2.490 0.364 0.99 0.04 0.37 1.50 0.13
13 0.1334 2.795 0.372 0.82 0.04 0.31 2.67 0.10
14 0.1663 3.195 0.358 0.88 0.04 0.27 1.91 0.08
15 0.2106 3.709 0.343 0.68 0.05 0.22 1.80 0.09
16 0.2726 4.527 0.315 0.84 0.05 0.19 2.14 0.02
17 0.3624 6.797 0.242 0.57 0.04 0.13 1.63 0.01
18 0.5038 11.344 0.132 0.98 0.07 0.32 1.61 0.01
9 0.0597 1.906 0.333 0.93 0.30 0.87 0.78 0.17
10 0.0726 2.276 0.346 0.93 0.22 0.62 1.53 0.16
11 0.0885 2.587 0.351 0.70 0.09 0.47 1.33 0.03
12  0.1083 3.071 0.355 0.58 0.03 0.37 1.49 0.01
13  0.1335 3.538 0.356 0.82 0.02 0.29 0.91 0.01
14  0.1664 4.051 0.354 0.56 0.04 0.23 1.32 0.04
15  0.2107 4.702 0.336 0.58 0.05 0.18 1.02 0.05
16  0.2726 5.685 0.304 0.66 0.04 0.14 2.03 0.03
17  0.3679 9.154 0.234 0.68 0.05 0.27 1.40 0.01
9  0.0603 2.319 0.330 0.76 2.40 1.35 0.77 0.13
10  0.0734 2.806 0.339 0.69 2.17 1.01 0.48 0.15
11  0.0894 3.341 0.349 0.68 1.58 0.77 0.66 0.11
12  0.1094 3.946 0.346 0.62 0.96 0.60 1.03 0.08
13  0.1347 4.618 0.346 0.58 0.41 0.46 0.56 0.03
14  0.1679 5.344 0.342 0.58 0.11 0.34 1.45 0.04
15  0.2128 6.266 0.330 0.63 0.02 0.27 2.05 0.02
16  0.2759 7.501 0.296 0.57 0.04 0.24 0.85 0.01
